// number of nodes:
5206
// (src#, degree (# of dsts), [dsts]):
0 40 0 0 0 1 2 3 4 5 6 7 8 9 10 11 12 13 14 15 16 17 18 19 20 21 22 23 24 25 26 27 28 29 30 31 32 33 34 35 36 37 
37 59 38 38 38 1 16 13 14 15 39 18 19 20 21 22 23 40 41 24 42 43 25 26 27 44 45 28 29 30 31 32 33 34 35 36 46 47 48 49 50 51 52 53 54 55 56 57 58 59 60 61 62 63 64 65 66 67 68 69 70 
38 41 38 38 38 1 2 3 4 5 6 7 8 9 10 11 12 13 14 15 16 17 39 18 19 20 21 22 23 24 25 26 27 28 29 30 31 32 33 34 35 36 37 
12 152 71 72 73 74 74 75 76 77 74 78 79 75 80 81 82 83 84 85 86 87 88 89 76 90 91 92 93 94 95 96 97 98 99 100 101 102 103 104 105 106 107 108 109 110 111 112 113 114 115 116 117 118 119 120 121 122 123 124 125 126 127 128 129 130 131 132 133 134 135 136 137 138 139 140 141 142 143 144 145 146 147 148 149 150 151 152 153 154 155 156 157 158 159 160 161 162 163 164 165 166 167 168 169 170 171 172 173 174 175 176 177 178 179 180 181 182 183 184 185 186 187 188 189 190 191 192 193 194 195 196 197 198 199 200 201 202 203 204 205 206 207 208 209 210 211 212 213 214 215 216 217 218 
76 11 75 219 220 221 222 223 224 225 226 227 228 
226 0 
75 6 229 229 230 231 232 233 
74 0 
77 20 234 235 235 236 237 238 239 240 241 242 243 244 245 246 247 248 249 250 251 252 
248 0 
247 0 
242 0 
241 0 
240 0 
11 68 71 253 254 255 256 257 258 259 260 255 261 262 84 263 264 256 96 265 102 266 111 110 267 115 268 121 269 134 270 127 271 272 273 140 274 275 276 146 277 152 278 176 279 280 164 281 282 170 283 284 182 285 286 183 184 287 288 289 290 291 199 292 293 211 294 295 296 297 
256 17 255 219 220 221 222 223 298 225 226 299 300 300 301 227 228 302 300 
255 6 229 229 230 231 232 233 
257 22 234 235 235 236 237 238 239 303 304 305 243 244 246 306 307 245 308 250 308 309 310 310 
307 0 
306 0 
305 0 
304 0 
303 0 
10 87 71 311 258 312 313 261 314 315 84 263 316 317 318 96 319 320 321 322 102 323 324 111 110 325 326 327 115 328 329 330 121 331 332 333 334 335 336 337 338 272 339 340 140 341 342 343 146 344 345 346 347 348 349 176 350 351 164 352 353 170 354 355 182 356 357 183 184 358 359 360 361 362 199 363 364 365 289 366 367 211 368 369 370 371 372 373 374 
327 16 375 376 377 313 378 379 380 381 381 382 383 384 330 385 386 387 
378 0 
313 6 229 229 230 231 232 233 
318 19 313 219 220 221 222 223 298 225 226 299 300 300 301 227 228 302 300 232 388 
9 121 71 389 390 391 392 393 394 395 396 397 398 399 400 401 402 403 404 405 406 407 408 409 410 411 398 412 413 414 415 416 417 418 419 420 421 422 423 424 425 399 426 427 428 429 430 431 432 400 433 434 435 436 437 438 401 439 440 441 442 443 444 445 446 447 448 449 450 402 451 452 453 454 455 456 457 458 459 460 461 462 463 464 465 466 467 403 465 468 469 470 471 472 473 474 404 475 476 477 478 479 480 481 482 483 405 484 485 486 484 487 488 489 490 491 263 492 493 494 495 496 497 
405 3 405 481 498 
404 5 448 499 500 501 502 
403 9 403 403 503 504 445 505 448 461 451 
402 2 402 402 
401 29 504 504 504 504 504 504 504 504 504 504 504 504 504 504 504 504 504 504 504 504 504 504 504 504 504 506 507 508 509 
509 0 
508 0 
400 14 504 504 504 504 504 504 504 504 504 504 504 510 511 512 
399 4 502 513 514 502 
417 0 
398 5 497 393 515 516 398 
411 0 
389 0 
8 0 
517 3 454 454 518 
519 7 519 393 520 519 519 481 498 
521 9 521 521 393 503 445 505 448 461 451 
522 7 523 522 522 393 506 524 525 
526 26 523 523 523 523 523 523 523 523 523 523 523 523 523 523 523 523 523 497 393 506 527 507 507 528 523 529 
529 48 530 531 532 533 534 535 536 537 538 539 540 541 542 543 544 545 546 547 548 549 550 551 552 553 554 555 556 557 558 559 560 561 562 563 564 565 566 567 568 569 570 571 572 573 533 574 575 530 
528 0 
576 3 497 393 510 
577 6 497 393 578 506 502 502 
579 7 497 393 580 581 581 581 582 
581 2 515 516 
583 0 
3 18 38 38 38 1 48 584 46 29 585 53 34 586 587 56 60 588 49 589 
590 92 591 533 530 592 593 530 590 590 590 590 590 590 533 530 594 595 596 597 598 599 600 601 602 603 602 604 605 604 605 606 606 607 608 609 607 608 609 610 611 612 613 614 615 616 617 618 619 620 621 622 623 624 625 626 627 605 628 609 604 606 607 629 602 630 631 632 633 634 635 636 637 638 639 640 641 642 643 644 645 646 647 648 649 650 651 652 653 654 655 656 657 658 
650 82 659 660 650 231 661 662 663 664 665 666 667 668 669 670 671 672 673 674 675 676 677 678 679 680 681 682 683 684 685 593 686 687 688 689 690 691 692 693 694 695 696 697 698 699 700 701 702 703 704 705 706 707 708 709 710 711 712 713 714 715 716 717 718 719 720 721 722 723 724 725 726 727 728 729 730 731 732 733 734 735 736 737 
662 48 530 531 532 533 534 535 536 537 538 539 540 541 542 543 544 545 546 547 548 549 550 551 552 553 554 555 556 557 558 559 560 561 562 563 564 565 566 567 568 569 570 571 572 573 533 574 575 530 
659 92 591 533 530 592 593 530 659 659 659 659 659 659 533 530 594 595 596 597 598 599 600 601 602 603 602 604 605 604 605 606 606 607 608 609 607 608 609 610 611 612 613 614 615 616 617 618 619 620 621 622 623 624 625 626 627 605 628 609 604 606 607 629 602 630 631 632 633 634 635 636 637 638 639 640 641 642 643 644 645 646 647 648 649 650 651 652 653 654 655 656 657 658 
649 0 
738 0 
739 48 530 531 532 533 534 535 536 537 538 539 540 541 542 543 544 545 546 547 548 549 550 551 552 553 554 555 556 557 558 559 560 561 562 563 564 565 566 567 568 569 570 571 572 573 533 574 575 530 
740 157 741 742 743 740 744 745 746 747 748 749 750 751 752 753 754 755 756 757 758 759 760 761 762 763 764 765 766 767 768 769 770 771 772 773 774 775 776 777 778 779 780 781 782 783 784 785 786 787 788 789 790 791 792 793 794 795 796 797 798 799 800 801 802 803 804 805 806 807 808 809 810 811 812 813 502 814 815 816 817 818 819 502 820 502 821 502 822 502 502 502 823 824 825 826 827 828 829 502 830 831 832 502 833 834 835 836 837 838 502 839 502 840 841 842 843 844 845 846 847 848 849 502 502 850 851 852 853 854 855 856 857 858 859 502 502 860 861 862 863 864 865 866 846 867 868 869 870 871 872 873 874 875 846 876 877 878 879 
743 20 741 742 743 740 744 502 880 881 502 502 882 883 502 502 884 885 886 887 888 889 
742 45 741 742 743 740 744 890 891 892 893 894 895 896 897 898 899 900 901 902 903 904 905 906 907 908 909 910 911 912 913 914 915 916 917 918 919 920 921 922 923 924 925 926 927 928 929 
924 56 930 931 932 933 934 935 936 937 938 939 940 941 942 943 944 945 946 947 948 949 950 951 952 953 954 955 956 957 958 959 960 961 962 963 964 109 965 966 967 968 969 970 971 972 973 974 975 976 977 978 979 980 981 982 983 984 
932 3 985 986 987 
986 2 988 989 
931 0 
741 14 741 742 743 740 744 990 991 992 993 744 994 995 996 997 
998 2 999 1000 
1001 10 1002 1003 1004 1005 1006 1007 1008 1009 1010 1011 
1012 8 1013 998 1014 998 1015 1016 1001 1017 
1014 0 
1018 0 
1019 0 
1020 72 395 465 1021 472 475 481 1022 1023 1024 1025 1026 1027 1028 1029 1030 1031 1032 1033 1034 1035 1036 1037 1038 1039 1040 1041 1042 1043 1044 1045 1046 1047 1048 1049 1050 1051 1052 1053 1054 1055 1056 1057 1058 1059 1060 1061 1062 1063 1064 1065 1066 1067 1068 1069 1070 1071 1072 1073 1074 1075 1076 1077 1002 1078 1079 1080 1081 1082 1083 1084 1085 1086 
395 207 930 990 1087 1088 395 1089 1090 1091 1092 1093 1094 1095 395 395 395 395 395 395 395 1096 1097 1089 1089 1090 1091 1092 1098 1099 1100 1101 1102 1103 1104 1105 1106 1095 1107 1108 1109 1110 1111 1112 992 407 412 1113 444 1114 1115 1116 413 423 1117 445 1118 464 1119 408 414 1120 1121 505 1122 465 1123 409 1124 415 426 448 1125 470 1126 418 427 461 472 1127 419 1128 451 1129 475 1130 1131 1132 430 454 1133 478 1134 433 456 481 422 436 1135 484 1136 439 1137 1138 1139 440 1140 1141 1142 1143 1144 441 1145 1146 489 580 263 1147 1148 1149 1150 406 1151 1096 1096 1152 1153 1154 1155 1156 1157 1158 1159 1160 1161 1162 1163 1164 1165 745 746 747 748 749 750 751 752 753 754 755 756 757 758 759 760 761 762 763 764 765 766 767 768 769 770 771 772 773 774 775 776 777 778 779 780 781 782 783 784 785 786 787 788 789 790 791 792 793 794 795 796 797 798 799 800 801 802 803 804 805 806 807 808 809 810 811 812 813 1166 
1096 34 1167 1168 1138 1169 472 415 454 406 1150 461 1135 1143 1134 456 1140 1170 263 433 489 1145 505 445 1137 1131 1131 1116 440 433 415 426 426 409 465 470 
1170 0 
406 71 1171 1172 1173 1174 1175 1176 1177 1178 1179 1180 1181 1182 1183 1184 1185 1186 1187 1188 1189 1190 1191 1192 1193 1194 1195 1196 1197 1198 1199 1200 1201 1202 1203 1204 1205 1206 1207 1208 1209 1210 1211 1212 1213 1214 1215 1216 1217 1218 1219 1220 1221 1222 1223 1224 1225 1226 1227 1228 1229 1230 1231 1232 1233 1234 1235 1236 1237 1238 1239 1240 1241 
1115 0 
1112 0 
1098 0 
1092 0 
1090 0 
1089 0 
1242 0 
1243 4 992 1244 1020 1242 
1244 60 930 1245 1246 1247 1243 1242 1020 1019 1248 1249 1018 1012 1250 1251 1252 1017 1253 1024 1254 1035 1036 1255 1256 1257 1016 1001 1258 1259 1038 1041 1042 1260 1261 1262 1263 1047 1052 1264 1055 998 1265 1266 1056 1267 1268 1269 1067 1270 1271 1272 1273 1074 1075 1274 1076 1275 1078 1079 1276 1277 
1278 2 1279 1280 
1279 4 1281 1282 1283 1284 
1285 3 263 1286 1287 
1288 9 1289 489 1290 1291 1292 1293 1294 1290 393 
1295 8 1278 1296 1297 1297 1298 1285 1297 1288 
1297 0 
1298 0 
1299 0 
1300 38 1290 1301 1302 1303 1304 1305 1306 1307 1308 1309 1310 1311 1312 1313 1314 1315 1316 1317 1318 1319 1320 1321 1322 1323 1324 1325 1326 1327 1328 1329 1330 1331 1332 1333 1334 1335 1336 1079 
1337 4 992 1338 1300 1297 
1338 60 930 1245 1339 1337 1297 1300 1299 1295 1288 1340 1341 1342 1343 1344 1345 1346 1347 465 1021 1288 1348 1349 1350 1351 1285 1352 472 475 478 481 1353 1354 1355 1356 1357 1285 1358 1359 1360 1312 1361 1362 1278 1363 1364 1365 1366 1367 1368 1369 1370 1371 1372 1373 1374 1375 502 1376 1377 1378 
1379 2 1380 1381 
1381 0 
914 48 930 1245 1382 1383 1384 1385 1386 1387 1388 1389 1390 1391 1392 1393 1394 1395 1396 1397 1398 1399 1400 1401 1402 1403 1404 1405 1406 1407 1408 1409 1410 1411 1412 1413 1414 1415 1416 1417 1418 1419 1420 1421 1422 1423 1424 1425 1426 1427 
1387 2 1428 1383 
1383 0 
1428 0 
1386 5 1429 1430 1431 1432 1433 
1385 1 1434 
1384 0 
1382 8 395 1383 1435 1436 1437 1438 1439 1440 
1440 12 1441 1442 1443 1444 1445 1446 1447 1448 1449 1450 1451 1452 
1452 3 1453 1454 1455 
1450 5 1456 1457 1458 1459 1460 
1457 0 
1449 3 1461 1462 1463 
1462 0 
1448 3 1464 1465 1466 
1465 0 
1447 2 1467 1468 
1446 4 1469 1470 1471 1472 
1470 0 
1445 3 1473 1474 1475 
1474 0 
1444 4 1476 1477 1478 1479 
1477 0 
1443 10 1480 1481 1482 1483 1484 1485 1486 1487 1488 1489 
1484 0 
1481 0 
1442 0 
1441 3 1490 1491 1492 
1491 0 
913 43 930 1493 1494 1495 1496 1497 1498 1499 1390 1500 1495 1501 1502 1395 1503 1504 1505 1506 1507 1508 1509 1510 1403 1511 1512 1513 1514 1409 1515 1516 1414 1415 1517 1418 1518 1419 1420 1421 1423 1422 1519 1520 987 
1495 1 1521 
1521 1 856 
1497 8 1522 1523 1524 846 1525 1521 1494 1494 
1494 0 
1524 0 
1496 10 1526 1527 1528 1529 1530 1531 1438 1437 1436 1435 
1531 7 1532 1533 1534 1438 1437 1436 1435 
1534 3 1535 1536 1537 
1533 0 
1532 15 1538 1539 1540 1541 1542 1543 1544 1545 1546 1547 1548 1549 1550 1551 1552 
1552 4 1553 1554 1555 1556 
1551 3 1557 1558 1559 
1550 12 1560 1561 1562 1563 1564 1565 1566 1567 1568 1569 1570 1571 
1571 0 
1570 0 
1569 0 
1568 0 
1567 0 
1566 0 
1565 0 
1564 0 
1563 0 
1549 2 1572 1573 
1548 3 1574 1575 1576 
1547 3 1577 1578 1579 
1546 4 1580 1581 1582 1583 
1583 0 
1582 0 
1545 3 1584 1585 1586 
1544 3 1587 1588 1589 
1543 3 1590 1591 1592 
1592 0 
1542 4 1593 1594 1595 1596 
1541 3 1597 1598 1599 
1599 0 
1598 0 
1540 4 1600 1601 1602 1603 
1603 0 
1601 0 
1539 2 1604 1605 
1538 4 1606 1607 1608 1609 
1530 12 1610 1611 1612 1613 1614 1615 1616 1617 1618 1619 1620 1621 
1621 0 
1620 0 
1619 0 
1618 0 
1617 0 
1616 0 
1615 0 
1614 0 
1613 0 
1612 0 
1611 0 
1610 0 
1529 4 1526 1622 1623 1624 
1624 3 1625 1626 1627 
1626 0 
1623 0 
1528 3 1628 1629 1630 
1629 0 
1527 0 
1493 8 1631 1494 1435 1436 1437 1438 1439 1440 
1631 0 
1632 7 1633 1634 1438 1437 1436 1435 1439 
1634 3 1535 1536 1537 
1633 0 
1635 2 1636 1636 
1637 0 
1638 1 1639 
1639 0 
1640 0 
1641 0 
1642 9 1643 1644 1645 1646 1647 1648 1649 1650 1651 
1650 0 
1649 0 
1652 55 1653 1654 1655 1656 1657 1658 1659 1660 1661 1653 1662 1663 1664 1665 1666 1667 1668 1669 1670 1671 1672 1673 1674 1675 1676 1677 1678 1679 1680 1681 1682 1683 1684 1685 1686 1687 1688 1689 1690 1691 1692 1693 1694 1695 1696 1697 1698 1699 1700 1701 1702 1703 1704 1705 1706 
1707 38 1708 1709 1710 1711 1712 1713 1714 1715 1716 1717 1718 1719 1720 1721 1722 1723 1724 1725 1726 1727 1728 1729 1730 1731 1732 1680 1733 1734 1735 1736 1737 1738 1739 1740 1741 1742 1743 1744 
1721 0 
1745 16 1632 1746 1635 1641 1637 1747 1748 1749 1750 1638 1639 1403 1751 1752 1714 1640 
1751 0 
1746 0 
1753 3 1754 1636 1636 
1755 1 1754 
1756 0 
1757 2 1754 1754 
1758 1 1759 
1759 1 1760 
1761 4 1762 988 1763 989 
1764 0 
1765 2 1766 1767 
1767 0 
1766 0 
1768 9 1769 1770 1771 1646 1647 1648 1772 1773 1651 
1773 0 
1772 0 
1774 55 1775 1776 1777 1778 1779 1780 1781 1782 1783 1775 1784 1785 1786 1787 1788 1789 1790 1791 1792 1793 1794 1795 1796 1797 1798 1799 1800 1801 1802 1803 1682 1804 1805 1806 1807 1687 1688 1689 1808 1691 1809 1810 1811 1812 1813 1697 1814 1815 1700 1701 1816 1817 1818 1819 1820 
1821 38 1822 1823 1824 1825 1826 1827 1828 1829 1830 1831 1832 1833 1834 1835 1836 1837 1838 1839 1840 1841 1842 1843 1844 1845 1846 1802 1847 1848 1735 1849 1850 1851 1852 1853 1854 1742 1743 1855 
1835 0 
1856 14 1754 1753 1755 1756 1757 1857 1858 1859 1758 1759 1761 1766 1767 1764 
1860 8 1861 1862 1863 1864 1865 1866 1867 1868 
1869 3 1870 1636 1636 
1871 1 1872 
1873 0 
1874 0 
1875 1 1876 
1877 0 
1878 3 1879 1880 1881 
1881 0 
1880 0 
1879 0 
1882 9 1883 1884 1885 1646 1647 1648 1886 1887 1651 
1887 0 
1886 0 
1888 51 1889 1890 1891 1892 1893 1894 1895 1896 1897 1898 1899 1900 1901 1902 1903 1904 1905 1906 1907 1908 1909 1910 1911 1912 1913 1682 1914 1915 1916 1687 1917 1742 1688 1689 1918 1691 1919 1920 1921 1922 1923 1697 1924 1925 1700 1701 1926 1927 1928 1929 1930 
1931 34 1932 1933 1934 1935 1889 1936 1937 1938 1939 1940 1941 1942 1943 1944 1945 1946 1947 1735 1948 1949 1950 1951 1952 1953 1954 1955 1956 1957 1958 1959 1960 1961 1962 1963 
1964 0 
1965 16 1966 1967 1870 1869 1871 1968 1873 1969 1970 1971 1972 1878 1874 1973 1875 1974 
1973 0 
1967 4 1975 1976 1436 1435 
1976 3 1535 1536 1537 
1975 0 
1966 0 
1977 0 
905 54 930 1245 1978 1979 1980 1981 406 1982 1983 1984 1985 1986 1987 1988 1989 1990 1991 1992 1993 1994 1995 1996 1997 1998 1999 2000 2001 2002 2003 2001 2004 2005 2006 2007 2008 2009 2010 2011 2012 2013 2014 2015 2016 2016 2017 2018 2019 2020 2021 2022 2023 484 1138 2024 
2024 3 2025 497 2026 
497 1 2027 
2023 2 2028 497 
2019 4 2029 2030 502 497 
2013 4 2031 2032 2033 497 
2009 7 2034 2035 2034 2036 2034 502 497 
2001 1 2037 
2000 3 2038 393 497 
1992 4 2039 393 580 497 
1984 14 2024 2023 2019 2040 2013 2009 2001 1979 502 2000 1978 1981 1992 2041 
1981 78 2042 2043 2044 2045 2046 2047 2048 2049 2050 2051 502 2052 2053 2054 2055 2056 2057 2058 2059 2060 2061 502 502 502 2062 502 502 2063 502 2064 2065 2066 2067 2068 502 502 2069 502 2070 2071 2072 2073 2074 2075 2076 2077 2078 2079 2080 2081 2082 2083 502 2084 2085 2086 2087 2088 2089 2085 2090 2091 2092 2093 2094 2095 2096 2097 2098 2099 2100 2101 2102 2103 2104 2105 2106 2107 
1978 2 2108 2109 
2040 0 
1982 3 2065 2066 2071 
1980 16 2110 396 397 2111 2112 2113 2114 2115 2116 2117 2118 2119 2120 2121 393 497 
904 64 930 1245 2122 2123 2124 2125 2126 2123 406 2127 1983 2128 2129 2130 2131 2132 2133 2134 2135 2136 2137 2138 2139 2140 2141 2142 2143 2144 2145 2146 2147 2140 2148 2149 2150 2151 2152 2149 2153 2154 2155 2156 2157 2158 2159 2160 2161 2157 2162 2163 2163 2164 2165 2166 2167 2168 2164 2169 2170 2130 2171 2172 2173 2130 
2130 3 2174 2175 2176 
2176 1 2177 
2175 1 2178 
2174 0 
2164 3 2179 2180 2176 
2180 2 2181 2182 
2179 1 2183 
2157 3 2184 2185 2176 
2185 1 2181 
2184 2 2186 2176 
2186 0 
2149 3 2187 2188 2176 
2188 3 2189 2190 498 
2190 0 
2187 1 510 
2140 4 2191 2192 580 2176 
2192 1 498 
2191 2 2193 2194 
2132 19 2125 2127 2127 2127 2122 2123 2149 2122 502 502 502 502 2184 2157 2123 2128 2195 2164 502 
2128 0 
2123 17 2196 502 502 502 502 502 502 502 502 2195 502 2197 2198 2199 2200 2201 2129 
2122 0 
2127 39 2202 992 2203 2204 2205 2206 2207 2208 2209 2189 2210 2211 2212 2212 2213 2213 2214 2214 2215 2215 2216 2217 2217 406 502 502 2218 2219 502 502 2220 2220 2221 2222 2222 2223 2224 2223 2225 
2205 64 930 1245 2122 2123 2124 2125 2126 2123 406 2127 1983 2128 2129 2130 2131 2132 2133 2134 2135 2136 2137 2138 2139 2140 2141 2142 2143 2144 2145 2146 2147 2140 2148 2149 2150 2151 2152 2149 2153 2154 2155 2156 2157 2158 2159 2160 2161 2157 2162 2163 2163 2164 2165 2166 2167 2168 2164 2169 2170 2130 2171 2172 2173 2130 
2126 0 
2125 18 2110 396 397 2111 2112 2113 2114 2115 2116 2117 2118 2119 2120 2121 393 2226 2227 2176 
903 59 930 2228 2229 2230 2231 2232 2233 1983 502 2234 2235 2236 2237 2238 2239 2240 1174 1176 1177 1178 1180 2241 1186 1188 1191 2239 1195 2242 1198 1199 1202 1204 2242 2243 1206 2244 1210 1212 1213 1215 1217 2244 2245 2246 1220 1222 2247 1224 1225 1227 1229 2247 1231 2248 1237 2249 1238 1240 2249 
2249 3 2250 2251 2252 
2252 1 2177 
2251 1 2253 
2253 0 
2250 1 2254 
2254 0 
2247 3 2255 2256 2252 
2256 2 2257 2182 
2255 1 2258 
2244 3 2259 2260 2252 
2260 1 2261 
2259 2 1193 992 
2242 3 2252 2262 2263 
2263 4 1180 1182 2264 2261 
2264 0 
2262 1 2265 
2239 4 2266 2267 580 2252 
2267 1 2268 
2266 6 2269 2270 2270 2271 2193 2194 
2271 0 
2270 0 
2269 0 
2235 14 2249 2128 2272 2273 2128 2274 2244 2233 2242 2275 2239 2276 2229 2229 
2229 19 2110 2110 2110 396 397 2111 2112 2113 2114 2115 2116 2117 2118 2119 2120 2232 2226 2227 2252 
2275 0 
2233 6 2277 2278 2279 2280 2281 2282 
2273 0 
2231 17 502 2283 2284 2285 2286 502 2234 502 502 502 502 502 502 502 502 502 502 
2230 1 2287 
902 60 930 2288 2289 2290 2291 2292 2293 2294 2295 2296 2297 2298 2299 2300 2301 2302 2303 2304 2305 2306 2307 2308 2309 2310 2311 2301 2312 2313 2314 2315 2316 2317 2313 2318 2319 2320 2321 2322 2323 2324 2318 2325 2326 2327 2328 2329 2330 2331 2332 2327 2333 2334 2335 2336 2337 2338 2339 502 2340 2334 
2334 3 2341 2295 2342 
2342 1 2177 
2295 1 2343 
2343 0 
2341 1 2344 
2344 0 
2327 3 2345 2346 2342 
2346 2 2347 2182 
2345 1 2258 
2318 3 2348 2349 2342 
2349 1 2347 
2348 0 
2313 3 2350 2351 2342 
2351 3 2352 2353 2347 
2353 0 
2350 1 2265 
2301 4 2354 2355 2356 2342 
2355 1 2261 
2354 7 2357 2358 2358 2359 2193 2194 2360 
2359 0 
2358 0 
2357 0 
2297 14 2327 2361 2327 2289 2362 2363 2289 2291 2313 2291 2289 2364 2301 2288 
2288 17 2365 396 397 2111 2112 2366 2114 2115 2116 2117 2118 2119 2120 2290 2226 2227 2342 
2290 16 2367 2368 2369 2370 2371 2352 2372 2373 2374 2375 2376 2377 2378 2379 2380 2381 
2289 13 2382 2383 2384 2385 2386 2387 2388 2389 2390 2391 2392 2393 2293 
2291 8 2394 2395 2396 2397 2398 2399 2400 2401 
2363 0 
901 55 930 2402 2403 2404 2405 2292 2403 2406 2407 2408 2409 2410 2411 2412 2413 2414 2415 2416 2417 2411 2418 2419 2420 2421 2422 2423 2418 2424 2425 2426 2427 2428 2429 2425 2430 2431 2432 2433 2434 2435 2436 2432 2437 2438 2439 2440 2441 2438 2442 2408 2443 2444 2406 2445 2408 
2408 1 2446 
2446 0 
2438 0 
2432 2 2447 2182 
2425 3 2448 2449 2450 
2450 1 2177 
2449 1 2447 
2448 0 
2418 3 2451 2452 2450 
2452 2 2352 2447 
2451 1 2265 
2411 4 2453 2454 2356 2450 
2454 11 2455 2456 2457 2458 2459 2460 2461 2462 2463 2464 2465 
2453 6 2466 2467 2467 2468 2193 2360 
2468 0 
2467 0 
2466 0 
2409 15 2403 2469 2292 2403 2425 2405 2403 2470 2471 2418 2403 2403 2411 2472 2402 
2402 15 2365 396 397 2111 2366 2114 2115 2116 2117 2118 2119 2120 2404 2473 2450 
2404 16 2367 2368 2369 2370 2371 2352 2372 2373 2374 2375 2376 2377 2378 2379 2380 2381 
2403 13 2474 2475 2476 2477 2478 2479 2480 2481 2482 2483 2484 2485 2486 
2405 2 2487 2488 
2469 0 
900 57 2489 930 2490 2491 2492 2493 2494 2292 2292 2292 2491 2495 2496 2497 2498 2499 2500 2501 2502 2503 2504 2505 2506 2498 2507 2508 2509 2510 2511 2508 2512 2513 2514 2512 2515 2516 2517 2518 2519 2520 2521 2517 2522 2523 2524 2525 2526 2527 2525 2528 2529 2530 2528 2531 2532 2533 2534 
2532 11 2455 2456 2457 2458 2459 2460 2461 2462 2463 2464 2465 
2528 12 2455 2456 2457 2458 2459 2460 2461 2462 2463 2464 2465 2182 
2525 11 2455 2456 2457 2458 2459 2460 2461 2462 2463 2464 2465 
2517 1 2258 
2512 0 
2508 1 2265 
2498 7 2356 2535 2536 2536 2537 2193 2360 
2537 0 
2536 0 
2535 0 
2496 38 2492 2538 2532 2292 2492 2528 2539 2525 2525 2292 2492 2494 2517 2540 2292 2040 2292 2292 2512 2292 2541 2542 2543 2544 2512 2292 2292 2292 2493 2292 2545 2508 2493 2292 2546 2547 2492 2498 
2492 14 2548 2549 2550 2551 2552 2553 2554 2555 2556 2557 2558 2559 2560 2561 
2493 16 2367 2368 2369 2370 2371 2352 2372 2373 2374 2375 2376 2377 2378 2379 2380 2381 
2494 20 2562 2563 2564 2565 2566 2567 2568 2569 2570 2571 2572 2573 2574 2575 2576 2577 2578 2579 2580 2581 
2581 0 
2580 0 
2579 0 
2578 0 
2577 0 
2576 0 
2575 0 
2574 0 
2573 0 
2572 0 
2571 0 
2570 0 
2569 0 
2568 0 
2567 0 
2566 0 
2565 0 
2564 0 
2495 0 
2491 0 
2490 15 2365 396 397 2111 2366 2114 2115 2116 2117 2118 2119 2120 2582 2473 2583 
2583 1 2177 
2582 3 2584 2370 2371 
2584 0 
899 55 2489 930 2585 2586 2587 2588 2589 1631 2590 2591 2592 2593 2594 2595 2596 2597 2598 2599 2600 2595 2601 2602 2603 2604 2605 2606 2607 2604 2608 2609 2610 2609 2611 2612 2613 2614 2615 2616 2617 2618 2619 2613 2620 2621 2622 2623 2624 2625 2622 2626 2627 2628 2629 2630 2627 
2627 1 2631 
2631 0 
2622 1 2258 
2613 3 2632 2633 2634 
2632 0 
2609 0 
2604 1 2265 
2595 3 2635 2360 2636 
2636 0 
2592 34 2637 2638 2627 2639 2640 2641 2622 2589 2613 2587 2613 2589 2642 2643 2637 2644 2645 2588 2646 2586 2647 2648 2649 2650 2587 2609 2604 2651 2652 2604 2653 2654 2595 2655 
2652 0 
2587 0 
2586 1 2590 
2590 0 
2588 8 2656 2657 2658 2659 2660 2661 2662 2663 
2663 0 
2662 0 
2661 0 
2660 0 
2659 0 
2658 0 
2657 0 
2656 0 
2637 0 
2589 18 2655 2664 2665 2666 2667 2668 2669 2670 2671 2672 2673 2674 2675 2676 2677 2678 2679 2680 
2680 0 
2679 0 
2678 0 
2677 0 
2676 0 
2675 0 
2674 0 
2673 0 
2672 0 
2671 0 
2670 0 
2669 0 
2668 0 
2667 0 
2666 0 
2665 0 
2585 15 1631 396 397 2111 2681 2114 2115 2116 2117 2118 2119 2120 2588 2473 2682 
2682 1 2177 
898 49 2683 930 2684 2685 2686 2687 2688 2689 2690 2691 2692 2693 2694 2695 2696 2697 2698 2699 2700 2695 2701 2702 2703 2704 2705 2706 2707 2708 2704 2709 2710 2711 2710 2712 2713 2714 2715 2716 2717 2718 2719 2714 2720 2721 2722 2723 2720 2724 2724 
2724 8 2725 2726 2727 2728 2729 2730 2731 2732 
2732 0 
2731 0 
2730 0 
2729 0 
2728 0 
2726 0 
2725 0 
2720 1 2258 
2714 1 2733 
2710 0 
2704 2 2265 2734 
2695 2 2734 2360 
2692 30 2686 2735 2724 2722 2686 2720 2736 2687 2689 2709 2737 2688 2738 2739 2711 2686 2688 2687 2686 2706 2694 2687 2693 2689 2700 2697 2686 2740 2695 2684 
2684 14 396 397 2111 2741 2689 2114 2115 2116 2117 2118 2119 2120 2687 2473 
2687 7 2742 2743 2744 2745 2746 2747 2748 
2748 0 
2747 0 
2746 0 
2745 0 
2744 0 
2743 0 
2742 0 
2689 0 
2686 14 2749 2750 2751 2752 2753 2754 2755 2756 2757 2758 2759 2760 2761 2762 
2758 0 
2757 0 
2755 0 
2754 0 
2752 0 
2751 0 
2749 11 2763 2764 2765 2766 2767 2768 2769 2770 2771 2772 2773 
2773 0 
2772 0 
2770 0 
2769 0 
2767 0 
2766 0 
2765 0 
2764 0 
2688 4 2774 2775 2776 2777 
2777 0 
2776 0 
2775 0 
2774 0 
2737 0 
2736 0 
2691 0 
2685 1 2736 
897 41 2778 2683 930 2779 2780 2781 2749 2782 2783 2784 2785 2786 2787 2788 2789 2790 2791 2792 2793 2794 2795 2796 2797 2798 2799 2800 2801 2802 2803 2804 2805 2806 2807 2808 2809 2810 2811 2812 2813 2814 2815 
2813 1 2733 
2808 8 2816 2817 2818 2819 2820 2821 2822 2823 
2820 0 
2819 0 
2800 8 2824 2825 2727 2826 2827 2828 2829 2830 
2830 0 
2829 0 
2828 0 
2827 0 
2826 0 
2825 0 
2824 0 
2796 0 
2790 2 2265 2734 
2786 2 2734 2360 
2785 24 2783 2813 2783 2808 2831 2781 2785 2783 2800 2832 2780 2784 2783 2833 2834 2796 2797 2783 2782 2782 2786 2787 2749 2786 
2782 0 
2783 0 
2784 0 
2780 14 396 397 2111 2835 2783 2114 2115 2116 2117 2118 2119 2120 2782 2473 
2781 1 2836 
2836 0 
896 53 2778 2683 2837 930 2838 2839 2840 2841 2842 396 397 2111 2734 2114 2115 2116 2117 2118 2119 2120 2843 2844 2845 2846 2847 2848 2849 2850 2851 2852 2853 2854 2855 2856 2857 2858 2859 2860 2861 2862 2863 2864 2865 2866 2867 2868 2869 2870 2871 2872 2873 2874 2473 
2874 9 2875 2816 2817 2818 2876 2877 2821 2822 2823 
2877 0 
2876 0 
2875 0 
2873 3 2878 2879 2360 
2879 0 
2878 0 
2872 2 2880 2733 
2871 3 2881 2882 2881 
2870 2 2265 2734 
2869 2 2734 2360 
2868 0 
2867 0 
2866 0 
2865 0 
2864 0 
2863 0 
2862 0 
2861 0 
2860 0 
2859 0 
2858 0 
2857 0 
2852 0 
2851 0 
2850 0 
2849 0 
2848 0 
2842 36 2883 2840 2840 2840 2884 2885 2874 2866 2886 2864 2887 2873 2872 2888 2889 2890 2891 2892 2893 2894 2895 2896 2897 2838 2898 2871 2899 2839 2838 2870 2839 2900 2901 2839 2902 2869 
2839 25 2903 2904 2905 2906 2907 2908 2909 2910 2911 2912 2913 2914 2915 2916 2917 2918 2919 2920 2921 2922 2923 2924 2925 2926 2902 
2926 0 
2923 0 
2922 0 
2920 0 
2919 0 
2915 0 
2914 0 
2912 0 
2911 0 
2909 0 
2908 0 
2905 0 
2904 0 
2901 0 
2900 0 
2838 0 
2899 1 2177 
2840 20 2848 2849 2850 2851 2852 2868 2857 2858 2867 2866 2859 2860 2861 2862 2863 2864 2865 2927 2928 2929 
895 74 2930 2931 2932 2933 2934 2935 2936 2937 2938 2939 2940 2941 2942 2943 2944 2945 2946 2947 2948 2938 2473 2949 2950 2951 2952 2953 2954 2955 2956 2957 2958 2959 2960 2961 2962 2963 2964 2965 2966 2967 2968 2969 2970 2971 2972 2973 2974 2975 2976 2977 2978 2979 2980 2981 2982 2983 2984 2985 2986 2987 2988 2989 2990 2991 2992 2993 2994 2995 2996 2997 2998 2999 3000 3001 
2988 0 
2968 0 
2938 9 3002 3003 3004 2727 3005 3006 3007 3008 3009 
3009 0 
3008 0 
3007 0 
3006 0 
3004 0 
3003 0 
3002 0 
2948 6 3010 3011 3012 3013 3014 3015 
3015 0 
3014 0 
3013 0 
3012 0 
3011 0 
3010 0 
2947 6 3016 3017 2258 3018 2733 3019 
3017 0 
3016 0 
2946 5 3020 2265 3021 3022 3023 
3023 0 
3022 0 
2939 21 2988 2992 2993 3024 3025 3026 3027 3028 3029 3010 3011 3012 3013 2981 2948 3030 3031 3032 2947 2946 2946 
3029 0 
3028 0 
2937 0 
2936 0 
2933 0 
2930 3 2778 990 930 
894 9 2778 930 3033 3034 3035 3036 2473 3034 930 
893 0 
892 52 3037 930 3038 3039 3040 3041 3042 3043 3044 3045 3046 3047 3048 3049 3050 3051 3052 2473 3053 3054 3055 3056 3057 3058 3059 3060 3061 3062 3063 3064 3065 3066 3067 3068 3069 3070 3071 3072 3073 3074 3075 3076 3077 3078 3079 3080 3081 3082 3083 3084 3085 930 
3061 0 
3060 0 
3059 0 
3058 0 
3042 12 3056 3062 3060 3061 3055 3086 3054 3087 3050 3088 3089 3053 
3087 0 
3041 3 3090 3091 3092 
3040 0 
891 26 3093 930 3094 3095 3096 3097 3098 3099 3100 3101 3102 3103 3104 3105 3106 3107 3108 3109 3110 3111 3112 3113 3114 3115 3116 3117 
3100 15 3118 3119 3120 3121 3122 3123 3124 3098 3125 3095 3126 3127 3094 3101 3128 
3128 5 393 3129 3130 3131 502 
3094 0 
3127 5 3132 3133 3134 3135 3136 
3135 0 
3126 89 3137 3138 3139 3140 3141 3142 3143 3144 3145 3146 3147 3148 3149 3150 3151 3152 3153 3154 3155 3156 3157 3158 3159 3160 3161 502 502 502 502 3162 3163 3164 3165 3166 3167 3168 3169 3170 3171 3172 3173 3174 3175 3176 3177 3178 3179 3180 3181 3182 3183 3119 3184 3185 3186 3187 3188 3120 3189 3190 3191 3192 3193 3194 3195 3196 3197 3198 3199 3200 3201 3202 3203 3204 3205 3206 3207 3208 3209 3210 3211 3212 3213 3214 3215 3216 3217 3218 3219 
3208 0 
3202 0 
3196 0 
3190 0 
3185 0 
3180 0 
3173 0 
3172 0 
3164 0 
3163 0 
3160 0 
3159 0 
3153 0 
3152 0 
3146 0 
3145 0 
3139 0 
3138 0 
3095 3 3220 396 3221 
3221 1 2177 
3125 5 3222 3132 3223 3223 3223 
3223 0 
3222 0 
3098 37 413 415 423 430 433 436 464 465 1138 3101 3102 3103 3104 3105 3106 3107 3108 3109 3110 3111 3112 3113 3114 3115 3116 3117 396 3220 413 415 423 430 433 436 464 465 1138 
3123 4 992 1121 1128 3224 
3224 0 
3122 0 
3118 14 3225 3226 3227 3228 3229 3230 3231 3232 3233 3234 3235 3231 3232 3233 
3234 0 
3228 0 
3227 0 
3099 5 426 430 3236 436 3237 
3237 0 
3236 0 
3097 89 3137 3138 3139 3140 3141 3142 3143 3144 3145 3146 3147 3148 3149 3150 3151 3152 3153 3154 3155 3156 3157 3158 3159 3160 3161 502 502 502 502 3162 3163 3164 3165 3166 3167 3168 3169 3170 3171 3172 3173 3174 3175 3176 3177 3178 3179 3180 3181 3182 3183 3119 3184 3185 3186 3187 3188 3120 3189 3190 3191 3192 3193 3194 3195 3196 3197 3198 3199 3200 3201 3202 3203 3204 3205 3206 3207 3208 3209 3210 3211 3212 3213 3214 3215 3216 3217 3218 3219 
3096 6 3128 3127 3125 3123 3118 3099 
890 26 930 3238 3239 3240 3241 3242 3242 3243 3244 3245 3246 502 3247 3248 502 3248 3249 3249 3250 3250 3245 3245 502 502 3243 3243 
3243 2 3251 3252 
3252 1 2177 
3245 2 3253 3252 
3250 0 
3249 1 3252 
3248 7 3252 580 395 2471 3254 3255 3256 
3246 7 3250 3249 3257 3241 3241 3239 502 
3239 8 3220 396 3258 3259 3260 3261 3262 3263 
3241 16 3264 3264 3265 3266 3267 3268 3268 3269 3270 3271 3272 3273 502 502 3274 3275 
3242 0 
3240 0 
3238 11 3220 396 2111 2112 2113 1983 3276 3240 2226 2227 3252 
879 0 
877 0 
872 6 3277 3278 3279 3280 3281 3282 
930 14 741 742 743 740 744 990 991 992 993 744 994 995 996 997 
923 2 2778 3283 
922 34 930 2778 3284 3285 3286 3287 3288 3289 3290 3291 3292 3293 3294 3295 3296 3297 3298 3299 3298 3300 3301 3302 3303 3304 3305 3306 3306 3306 3306 3306 3306 3306 3306 3284 
921 0 
920 60 930 1245 1246 1247 1243 1242 1020 1019 1248 1249 1018 1012 1250 1251 1252 1017 1253 1024 1254 1035 1036 1255 1256 1257 1016 1001 1258 1259 1038 1041 1042 1260 1261 1262 1263 1047 1052 1264 1055 998 1265 1266 1056 1267 1268 1269 1067 1270 1271 1272 1273 1074 1075 1274 1076 1275 1078 1079 1276 1277 
1172 0 
1245 0 
919 60 930 1245 1339 1337 1297 1300 1299 1295 1288 1340 1341 1342 1343 1344 1345 1346 1347 465 1021 1288 1348 1349 1350 1351 1285 1352 472 475 478 481 1353 1354 1355 1356 1357 1285 1358 1359 1360 1312 1361 1362 1278 1363 1364 1365 1366 1367 1368 1369 1370 1371 1372 1373 1374 1375 502 1376 1377 1378 
918 0 
917 0 
916 42 3037 930 3307 1379 3308 3309 3310 3311 3311 3312 3313 3314 3315 3316 3317 3318 3319 3320 3321 3322 3323 3324 3325 3326 3327 3328 3329 3330 3331 3332 3333 3334 3335 3336 3337 3338 3339 3340 3341 3342 3343 930 
915 0 
1439 0 
1438 0 
1437 0 
1436 0 
1435 0 
912 0 
911 51 2778 930 1530 1745 1641 1708 1709 1653 3344 1711 1712 1713 1714 1716 1717 3345 1719 1720 1723 1724 1725 1727 3346 1729 1730 1731 1732 1680 3347 1734 1736 3348 1738 3349 3350 3351 1707 1652 1642 1641 1435 1436 1437 1438 1439 1640 1638 1637 1635 1632 930 
910 57 2778 930 1531 1856 1821 1774 1768 1765 1759 1822 1823 1824 1825 1826 1827 1828 1830 1831 1832 1833 1834 3352 1837 1838 1839 1840 1841 1843 1844 1845 1846 1802 1847 1848 1849 1850 1851 1852 1853 1854 1821 1774 1768 1765 1435 1436 1437 1438 1764 1761 1758 1757 1756 1755 1753 1531 930 
909 0 
908 58 3037 930 3353 1977 1969 1965 1964 1931 1888 1882 1878 1932 1933 1934 1935 1889 1936 1938 1939 1940 1941 1942 1943 1944 1945 1946 1947 1948 1949 1950 1951 1952 1953 1954 1955 1956 1957 1958 1959 1960 1961 1931 1888 1882 1878 1435 1436 1970 1877 1875 1874 1873 1871 1869 1969 3354 1860 930 
907 0 
906 0 
1983 207 930 990 1087 1088 395 1089 1090 1091 1092 1093 1094 1095 395 395 395 395 395 395 395 1096 1097 1089 1089 1090 1091 1092 1098 1099 1100 1101 1102 1103 1104 1105 1106 1095 1107 1108 1109 1110 1111 1112 992 407 412 1113 444 1114 1115 1116 413 423 1117 445 1118 464 1119 408 414 1120 1121 505 1122 465 1123 409 1124 415 426 448 1125 470 1126 418 427 461 472 1127 419 1128 451 1129 475 1130 1131 1132 430 454 1133 478 1134 433 456 481 422 436 1135 484 1136 439 1137 1138 1139 440 1140 1141 1142 1143 1144 441 1145 1146 489 580 263 1147 1148 1149 1150 406 1151 1096 1096 1152 1153 1154 1155 1156 1157 1158 1159 1160 1161 1162 1163 1164 1165 745 746 747 748 749 750 751 752 753 754 755 756 757 758 759 760 761 762 763 764 765 766 767 768 769 770 771 772 773 774 775 776 777 778 779 780 781 782 783 784 785 786 787 788 789 790 791 792 793 794 795 796 797 798 799 800 801 802 803 804 805 806 807 808 809 810 811 812 813 1166 
2110 207 930 990 1087 1088 395 1089 1090 1091 1092 1093 1094 1095 395 395 395 395 395 395 395 1096 1097 1089 1089 1090 1091 1092 1098 1099 1100 1101 1102 1103 1104 1105 1106 1095 1107 1108 1109 1110 1111 1112 992 407 412 1113 444 1114 1115 1116 413 423 1117 445 1118 464 1119 408 414 1120 1121 505 1122 465 1123 409 1124 415 426 448 1125 470 1126 418 427 461 472 1127 419 1128 451 1129 475 1130 1131 1132 430 454 1133 478 1134 433 456 481 422 436 1135 484 1136 439 1137 1138 1139 440 1140 1141 1142 1143 1144 441 1145 1146 489 580 263 1147 1148 1149 1150 406 1151 1096 1096 1152 1153 1154 1155 1156 1157 1158 1159 1160 1161 1162 1163 1164 1165 745 746 747 748 749 750 751 752 753 754 755 756 757 758 759 760 761 762 763 764 765 766 767 768 769 770 771 772 773 774 775 776 777 778 779 780 781 782 783 784 785 786 787 788 789 790 791 792 793 794 795 796 797 798 799 800 801 802 803 804 805 806 807 808 809 810 811 812 813 1166 
2232 71 1171 1172 1173 1174 1175 1176 1177 1178 1179 1180 1181 1182 1183 1184 1185 1186 1187 1188 1189 1190 1191 1192 1193 1194 1195 1196 1197 1198 1199 1200 1201 1202 1203 1204 1205 1206 1207 1208 1209 1210 1211 1212 1213 1214 1215 1216 1217 1218 1219 1220 1221 1222 1223 1224 1225 1226 1227 1228 1229 1230 1231 1232 1233 1234 1235 1236 1237 1238 1239 1240 1241 
2368 0 
2367 0 
2365 0 
2292 0 
3355 19 530 3356 3357 530 3358 3359 3360 3361 3362 3363 3364 3365 3366 3367 3368 3363 3369 3370 3018 
3369 29 3371 3372 3373 3374 3375 3371 3372 3371 3373 3371 3374 3371 3375 3376 3377 3378 3379 3380 502 502 3381 3381 990 533 3382 3383 3384 3385 3386 
3368 19 530 3356 3357 530 3358 3359 3360 3361 3362 3363 3364 3365 3366 3367 3368 3363 3369 3370 3018 
3367 0 
3361 28 530 3356 3357 530 3387 3388 3389 3390 3389 3391 3392 3389 3393 3394 3395 3396 3397 3398 3399 3400 3401 3402 1974 3368 3363 3369 3370 3018 
3403 41 3404 3405 3406 3407 3408 3409 3410 3411 3412 3413 3414 3415 3416 3417 3418 3419 3420 3421 3422 3423 3424 3425 3426 3427 3428 3429 3430 3431 3432 3433 3434 3435 3436 3437 3438 3439 3440 3441 3442 3443 3444 
3409 0 
3445 21 990 3446 3447 3445 3448 3449 3403 3403 3450 3450 3451 3452 3453 3454 3455 3456 3457 3458 3459 3460 3461 
3462 48 530 531 532 533 534 535 536 537 538 539 540 541 542 543 544 545 546 547 548 549 550 551 552 553 554 555 556 557 558 559 560 561 562 563 564 565 566 567 568 569 570 571 572 573 533 574 575 530 
3463 39 990 3354 3464 3463 3463 3463 3463 3463 3463 3465 3466 3467 3468 3469 3470 3471 3472 3473 3463 3463 3474 3354 3475 3476 3469 3463 3477 3478 3479 3480 3481 3482 3483 3484 3485 3486 3462 3487 1762 
3476 48 530 531 532 533 534 535 536 537 538 539 540 541 542 543 544 545 546 547 548 549 550 551 552 553 554 555 556 557 558 559 560 561 562 563 564 565 566 567 568 569 570 571 572 573 533 574 575 530 
3488 7 3488 3488 3488 3488 3488 3488 3489 
3490 26 3490 3490 3490 3490 3490 3490 3490 3491 3492 3493 3494 3490 3493 3493 3495 3496 3490 3497 3498 3499 3500 3492 3493 3493 3493 3501 
3501 23 3502 3502 3502 3502 3503 3504 3500 3499 3505 3497 3498 3506 3507 3492 3493 3508 3509 3495 3496 3510 3511 3512 3513 
3513 6 3512 3504 3500 3498 3493 3496 
3496 2 3496 3496 
3493 0 
3500 4 3500 3500 3500 3493 
3498 3 3493 3498 3498 
3504 64 3512 3513 3504 3504 3504 3504 3504 3504 3504 3504 3504 3504 3504 3504 3504 3504 3504 3504 3504 3504 3504 3504 3504 3504 3504 3504 3504 3504 3493 3493 3500 3500 3498 3498 3493 3493 3493 3493 3514 3514 3493 3493 3500 3500 3493 3493 3515 3515 3500 3500 3493 3493 3493 3493 3493 3493 3496 3496 3496 3496 3493 3493 3498 3498 
3515 48 530 531 532 533 534 535 536 537 538 539 540 541 542 543 544 545 546 547 548 549 550 551 552 553 554 555 556 557 558 559 560 561 562 563 564 565 566 567 568 569 570 571 572 573 533 574 575 530 
3514 48 530 531 532 533 534 535 536 537 538 539 540 541 542 543 544 545 546 547 548 549 550 551 552 553 554 555 556 557 558 559 560 561 562 563 564 565 566 567 568 569 570 571 572 573 533 574 575 530 
3512 3 3516 3513 3504 
3516 48 530 531 532 533 534 535 536 537 538 539 540 541 542 543 544 545 546 547 548 549 550 551 552 553 554 555 556 557 558 559 560 561 562 563 564 565 566 567 568 569 570 571 572 573 533 574 575 530 
3511 30 3511 3511 3511 3511 3502 3517 3518 3519 3520 3521 3522 3523 3524 3525 3526 3527 3528 3529 3530 3531 3532 3533 3534 3535 3536 3537 3538 3539 3540 3541 
3541 0 
3540 0 
3539 0 
3538 0 
3537 0 
3536 0 
3535 0 
3534 0 
3533 0 
3532 0 
3531 0 
3530 0 
3529 0 
3528 0 
3527 0 
3526 0 
3525 0 
3524 0 
3523 0 
3522 0 
3521 0 
3520 0 
3519 0 
3518 0 
3517 0 
3502 23 3502 3502 3502 3502 3503 3513 3512 3511 3510 3496 3495 3509 3508 3493 3492 3507 3506 3498 3497 3505 3499 3500 3504 
3510 0 
3495 0 
3509 0 
3508 0 
3492 0 
3507 0 
3506 0 
3497 0 
3505 0 
3499 0 
3503 8 3503 3503 3503 3503 3542 3491 3490 3502 
3491 0 
3542 107 990 3543 3033 3542 3542 3542 3542 3542 3542 3542 3542 3086 3542 3542 3542 3542 3488 3544 3545 3038 3542 3542 3033 3044 3045 3046 3047 3048 3049 3546 3547 3548 3549 3550 3551 3552 3553 3554 3555 3556 3557 3558 3559 3560 3561 3562 3563 3564 3565 3566 3567 3568 3569 3570 3571 3572 3573 3574 3575 3576 3577 3578 3579 3580 3581 3582 3583 3584 3585 3052 3586 3587 3054 3490 3056 3488 3588 3589 3590 3587 3591 3592 3593 3594 3595 3596 3054 3597 3598 3599 3600 3601 3490 3602 3603 3604 3056 3605 3606 3607 3608 3609 3610 3488 3611 3612 3613 
3587 31 3587 3587 3587 3587 3587 3587 3614 3615 3616 3587 3614 3587 3617 3618 3619 3620 3621 3622 3623 3623 3623 3623 3617 3624 3625 3617 3626 3627 3044 3617 3628 
3614 3 3629 3630 3631 
3631 0 
3630 0 
3629 0 
3616 9 3632 3632 3632 3632 3633 3634 3635 3636 3637 
3637 0 
3636 0 
3635 0 
3634 0 
3633 7 3633 3633 3633 3633 3638 3639 3632 
3632 9 3632 3632 3632 3632 3633 3637 3636 3635 3634 
3639 7 3639 3639 3639 3639 3633 3640 3641 
3641 0 
3640 0 
3638 11 3638 3638 3638 3638 3542 3614 3629 3630 3633 3587 3642 
3642 2 3643 3644 
3644 48 530 531 532 533 534 535 536 537 538 539 540 541 542 543 544 545 546 547 548 549 550 551 552 553 554 555 556 557 558 559 560 561 562 563 564 565 566 567 568 569 570 571 572 573 533 574 575 530 
3643 0 
3615 7 3639 3639 3639 3639 3633 3640 3641 
3585 0 
3584 0 
3583 0 
3582 0 
3581 0 
3580 0 
3579 0 
3578 0 
3577 0 
3576 0 
3575 0 
3574 0 
3573 0 
3572 0 
3571 0 
3570 0 
3569 0 
3568 0 
3544 37 3086 3544 3544 3544 3056 3544 3544 3544 3544 3055 3544 3544 3544 3055 3599 3086 3645 3571 3054 3646 3647 3615 3616 3648 3649 3086 3631 3543 3569 3547 3650 3651 3652 3653 3587 3654 3472 
3653 0 
3652 0 
3651 0 
3650 0 
3649 0 
3648 0 
3494 48 530 531 532 533 534 535 536 537 538 539 540 541 542 543 544 545 546 547 548 549 550 551 552 553 554 555 556 557 558 559 560 561 562 563 564 565 566 567 568 569 570 571 572 573 533 574 575 530 
3473 0 
3655 0 
3656 0 
3657 0 
3658 0 
3659 0 
3660 0 
3661 0 
3662 0 
3663 0 
3664 0 
3665 0 
3666 0 
3667 0 
3668 0 
3669 0 
3670 0 
3671 0 
3672 0 
3673 0 
3674 13 530 531 532 533 3368 3675 3676 3677 3678 3018 533 575 530 
3678 0 
3679 0 
3677 14 530 531 532 533 3368 3675 3676 3677 3678 3018 533 3676 575 530 
3676 0 
3675 0 
3680 0 
3681 11 530 531 532 533 3368 3675 3676 3677 3678 3018 533 
3682 0 
3683 11 530 531 532 533 3368 3675 3676 3677 3678 3018 533 
3684 0 
3685 13 530 531 532 533 3368 3675 3676 3677 3678 3018 533 3686 3687 
3687 0 
3686 14 530 531 532 533 3368 3675 3676 3677 3678 3018 533 3688 3689 3690 
3691 0 
3692 11 530 531 532 533 3368 3675 3676 3677 3678 3018 533 
3693 0 
3694 52 530 531 532 533 3368 3675 3676 3677 3678 3018 533 3695 3696 3697 3698 3699 3700 3701 3702 3703 3704 3705 3706 3707 3708 3709 3710 3711 3712 3713 3714 3715 3716 3717 3718 3719 3720 3721 3722 3723 3724 3725 3726 3727 3728 3729 3730 3731 3732 3733 575 530 
3734 0 
3735 14 530 531 532 533 3368 3675 3676 3677 3678 3018 533 3674 575 530 
3736 0 
3737 0 
3738 0 
3739 13 530 531 532 533 3368 3675 3676 3677 3678 3018 533 575 530 
3740 0 
3741 0 
3742 39 530 3356 3357 530 2778 3743 3744 3745 3746 3747 3748 3749 3750 3751 3752 3753 3754 3755 3756 3757 3758 3759 3760 3761 3762 3763 3764 3765 3766 3767 3768 3769 3770 3771 3742 3741 3772 3773 3774 
3771 22 530 3356 3357 530 2778 3775 3776 3777 3778 3779 3780 2944 2945 2473 3769 3770 3771 3742 3741 3772 3773 3774 
3770 0 
3360 0 
3358 9 530 3356 3357 530 3368 3363 3369 3370 3018 
3767 0 
3766 0 
3765 0 
3764 0 
3763 0 
3762 0 
3761 0 
3760 0 
3759 0 
3758 0 
3757 0 
3756 0 
3755 0 
3754 0 
3753 0 
3752 0 
3751 0 
3750 0 
3748 0 
3747 0 
3746 0 
3745 0 
3744 6 530 3356 3357 530 3781 3774 
3743 0 
3782 48 530 531 532 533 534 535 536 537 538 539 540 541 542 543 544 545 546 547 548 549 550 551 552 553 554 555 556 557 558 559 560 561 562 563 564 565 566 567 568 569 570 571 572 573 533 574 575 530 
3783 0 
3776 4 2258 3018 2733 3019 
3775 8 530 3356 3357 530 2265 3784 3021 3785 
3785 0 
3784 0 
3778 0 
3777 0 
3786 21 530 3356 3357 530 2778 3787 3777 3742 3788 3789 3790 3746 3745 3744 3788 3791 3792 3743 3793 3794 3795 
3795 0 
3794 0 
3793 21 3796 3796 3796 3796 3797 3798 3799 3800 3801 3802 3795 3803 3804 3805 3794 3806 3807 3808 3809 3810 3811 
3811 0 
3810 0 
3809 0 
3808 0 
3807 0 
3806 0 
3805 0 
3804 0 
3803 0 
3802 0 
3801 0 
3800 0 
3799 0 
3798 0 
3797 0 
3796 21 3796 3796 3796 3796 3797 3811 3810 3809 3808 3807 3806 3794 3805 3804 3803 3795 3802 3801 3800 3799 3798 
3792 10 3812 3812 3812 3812 3813 3814 3815 3816 3817 3818 
3818 0 
3817 0 
3816 0 
3815 0 
3814 0 
3813 63 3813 3813 3813 3813 3819 3820 3821 3812 3822 3823 3824 3825 3826 3827 3828 3829 3830 3831 3832 3833 3834 3835 3836 3837 3838 3839 3840 3841 3842 3843 3844 3845 3846 3847 3848 3849 3850 3851 3852 3853 3854 3855 3856 3857 3858 3859 3860 3861 3862 3863 3864 3865 3866 3867 3868 3869 3870 3871 3872 3873 3874 3875 3876 
3876 0 
3875 0 
3842 0 
3812 10 3812 3812 3812 3812 3813 3818 3817 3816 3815 3814 
3819 27 530 3356 3357 530 2778 3877 3878 3879 3880 3881 3768 3882 3788 3883 3771 3788 3786 3884 3885 3772 3771 3775 3776 3783 3782 3742 3741 
3788 0 
3790 0 
3789 0 
3787 0 
3886 0 
3887 13 530 531 532 533 3368 3675 3676 3677 3678 3018 533 575 530 
3888 0 
3889 14 530 531 532 533 3368 3675 3676 3677 3678 3018 533 3890 575 530 
3890 86 530 531 532 533 3368 3675 3676 3677 3678 3018 533 3891 3892 3893 3894 3895 3896 3891 3897 3898 3899 3699 3707 3900 3901 3702 3902 3903 3904 3905 3906 3907 3908 3909 3727 3910 3891 3911 3912 3913 3914 3915 3916 3710 3917 3918 3725 3919 3711 3712 3920 3716 3921 3922 3891 3923 3924 3695 3925 3697 3698 3926 3927 3928 3929 3713 3720 3717 3721 3722 3930 3931 3932 3933 3934 3935 3936 3937 3938 3891 3939 3940 3941 3942 575 530 
3943 0 
3944 0 
3371 29 3371 3372 3373 3374 3375 3371 3372 3371 3373 3371 3374 3371 3375 3376 3377 3378 3379 3380 502 502 3381 3381 990 533 3382 3383 3384 3385 3386 
3375 9 3945 3372 3373 3374 3375 3946 3384 3385 3386 
3374 8 3945 3372 3373 3374 3375 3384 3385 3386 
3373 8 3945 3372 3373 3374 3375 3384 3385 3386 
3372 8 3945 3372 3373 3374 3375 3384 3385 3386 
3945 29 3945 3372 3373 3374 3375 3945 3372 3945 3373 3945 3374 3945 3375 3376 3377 3378 3379 3380 502 502 3381 3381 990 533 3382 3383 3384 3385 3386 
3947 24 530 3356 3357 530 3948 3949 3950 3950 3951 990 3952 3953 3954 3955 3956 3957 3958 3370 3959 3947 3371 3944 3960 3018 
3959 24 530 3356 3357 530 3961 3962 3963 3964 3965 990 3952 3953 3954 3955 3956 3957 3958 3370 3959 3947 3371 3944 3960 3018 
3958 0 
3957 22 530 3356 3357 530 3966 3967 3968 990 3952 3953 3954 3955 3956 3957 3958 3370 3959 3947 3371 3944 3960 3018 
3956 36 530 3356 3357 530 3969 3970 3971 3972 3973 3974 3975 3976 3977 3978 3979 3980 3981 3982 3983 3984 3985 990 3952 3953 3954 3955 3956 3957 3958 3370 3959 3947 3371 3944 3960 3018 
3955 0 
3954 109 530 3356 3357 530 3986 3987 3988 502 3989 3989 3990 3991 3992 3993 3994 3995 3996 3997 3998 3999 4000 4001 4002 4003 4004 4005 4006 4007 4008 4009 4010 4011 4012 4013 4014 4015 4016 4017 4018 4019 4020 4021 4022 4023 4024 4025 4026 4027 4028 4029 4030 4031 4032 4033 4034 4035 4036 4037 4038 4039 4040 4041 4042 4043 4044 502 4045 4046 4047 4048 4049 4050 4051 4052 4053 4054 4055 4056 4057 4058 4059 4060 4061 4062 4063 4064 4065 4066 4067 4068 4069 4070 4071 4072 990 3952 3953 3954 3955 3956 3957 3958 3370 3959 3947 3371 3944 3960 3018 
3953 0 
3952 56 530 3356 3357 530 4073 4074 4075 4076 4077 4078 3983 4079 3985 3982 3968 4080 4081 4056 4057 3979 3980 3978 4082 4083 4084 4085 4086 3966 3976 4021 3956 3974 4003 3956 3972 3953 3970 4087 3969 3948 4088 990 3952 3953 3954 3955 3956 3957 3958 3370 3959 3947 3371 3944 3960 3018 
3948 0 
3969 0 
3970 21 530 3356 3357 530 4089 3949 990 3952 3953 3954 3955 3956 3957 3958 3370 3959 3947 3371 3944 3960 3018 
3972 21 530 3356 3357 530 4090 4090 990 3952 3953 3954 3955 3956 3957 3958 3370 3959 3947 3371 3944 3960 3018 
3974 0 
3976 0 
3966 31 530 3356 3357 530 4091 4009 4010 4011 4092 4024 4023 4042 4041 4093 4093 4093 990 3952 3953 3954 3955 3956 3957 3958 3370 3959 3947 3371 3944 3960 3018 
4086 0 
4085 0 
3978 20 530 3356 3357 530 4094 990 3952 3953 3954 3955 3956 3957 3958 3370 3959 3947 3371 3944 3960 3018 
3980 19 530 3356 3357 530 990 3952 3953 3954 3955 3956 3957 3958 3370 3959 3947 3371 3944 3960 3018 
3979 0 
4081 0 
4080 21 530 3356 3357 530 4024 3968 990 3952 3953 3954 3955 3956 3957 3958 3370 3959 3947 3371 3944 3960 3018 
3982 0 
3985 22 530 3356 3357 530 3279 4095 4096 990 3952 3953 3954 3955 3956 3957 3958 3370 3959 3947 3371 3944 3960 3018 
4078 0 
4077 0 
4000 1 4097 
3994 1 4098 
3984 0 
3981 0 
3977 0 
3975 0 
3971 0 
3967 0 
4099 0 
4100 15 530 3356 3357 530 4101 990 4102 4103 4104 4105 4106 4100 4099 3389 3018 
4106 0 
4105 14 530 3356 3357 530 990 4102 4103 4104 4105 4106 4100 4099 3389 3018 
4104 0 
4103 0 
4102 32 530 3356 3357 530 4101 4107 4108 4109 502 4110 4111 4099 4100 4112 4100 4113 4111 4114 4115 4116 4117 4118 990 4102 4103 4104 4105 4106 4100 4099 3389 3018 
4117 20 530 3356 3357 530 1763 4119 989 4120 4121 4122 990 4102 4103 4104 4105 4106 4100 4099 3389 3018 
4114 1 4123 
4101 14 530 3356 3357 530 990 4102 4103 4104 4105 4106 4100 4099 3389 3018 
4124 4 4125 2234 502 4126 
4126 1 2177 
4125 1 4127 
4127 0 
4128 5 4129 4130 2286 502 4126 
4130 1 2261 
4131 5 4132 502 4133 502 4126 
4133 2 4134 2182 
4132 1 2258 
4135 18 2110 2110 2110 396 397 2111 2112 2113 2114 2115 2116 2117 2118 2119 2120 2232 2226 4126 
990 19 530 3356 3357 530 3358 3359 3360 3361 3362 3363 3364 3365 3366 3367 3368 3363 3369 3370 3018 
1974 21 990 3446 3447 3445 3448 3449 3403 3403 3450 3450 3451 3452 3453 3454 3455 3456 3457 3458 3459 3460 3461 
3461 48 530 531 532 533 534 535 536 537 538 539 540 541 542 543 544 545 546 547 548 549 550 551 552 553 554 555 556 557 558 559 560 561 562 563 564 565 566 567 568 569 570 571 572 573 533 574 575 530 
3460 0 
3459 0 
3458 0 
3457 0 
3456 0 
3455 0 
3454 0 
3453 0 
3452 0 
3451 0 
3450 0 
3447 41 3404 3405 3406 3407 3408 3409 3410 3411 3412 3413 3414 3415 3416 3417 3418 3419 3420 3421 3422 3423 3424 3425 3426 3427 3428 3429 3430 3431 3432 3433 3434 3435 3436 3437 3438 3439 3440 3441 3442 3443 3444 
3402 39 990 3354 3464 3463 3463 3463 3463 3463 3463 3465 3466 3467 3468 3469 3470 3471 3472 3473 3463 3463 3474 3354 3475 3476 3469 3463 3477 3478 3479 3480 3481 3482 3483 3484 3485 3486 3462 3487 1762 
3469 1 4123 
3475 0 
3474 0 
3654 48 530 531 532 533 534 535 536 537 538 539 540 541 542 543 544 545 546 547 548 549 550 551 552 553 554 555 556 557 558 559 560 561 562 563 564 565 566 567 568 569 570 571 572 573 533 574 575 530 
3471 1 1876 
3464 0 
3401 19 530 531 532 533 3368 3675 3676 3677 3678 3018 533 4136 4137 4138 3694 3693 3674 575 530 
3399 22 530 531 532 533 3368 3675 3676 3677 3678 3018 533 4139 3736 3740 3739 3738 3737 3736 3735 3734 575 530 
3398 27 530 3356 3357 530 2778 3877 3878 3879 3880 3881 3768 3882 3788 3883 3771 3788 3786 3884 3885 3772 3771 3775 3776 3783 3782 3742 3741 
3769 19 530 3356 3357 530 3358 3359 3360 3361 3362 3363 3364 3365 3366 3367 3368 3363 3369 3370 3018 
3397 24 530 531 532 533 3368 3675 3676 3677 3678 3018 533 4139 3687 3686 3690 3890 3943 3889 3888 3887 4140 3886 575 530 
3396 29 530 531 532 533 3368 3675 3676 3677 3678 3018 533 4141 3692 3691 3685 3684 4142 4143 4144 4145 3683 3682 3681 3676 3678 3677 3680 575 530 
3395 48 530 531 532 533 534 535 536 537 538 539 540 541 542 543 544 545 546 547 548 549 550 551 552 553 554 555 556 557 558 559 560 561 562 563 564 565 566 567 568 569 570 571 572 573 533 574 575 530 
3394 56 530 3356 3357 530 4073 4074 4075 4076 4077 4078 3983 4079 3985 3982 3968 4080 4081 4056 4057 3979 3980 3978 4082 4083 4084 4085 4086 3966 3976 4021 3956 3974 4003 3956 3972 3953 3970 4087 3969 3948 4088 990 3952 3953 3954 3955 3956 3957 3958 3370 3959 3947 3371 3944 3960 3018 
3393 0 
3392 0 
3391 32 530 3356 3357 530 4101 4107 4108 4109 502 4110 4111 4099 4100 4112 4100 4113 4111 4114 4115 4116 4117 4118 990 4102 4103 4104 4105 4106 4100 4099 3389 3018 
4146 0 
3390 23 990 3018 3018 3018 3018 4135 2232 1983 4147 4148 4149 4124 4150 4151 4152 4131 4153 4154 4128 4155 4156 2128 4124 
4157 30 4158 4159 4157 4157 4157 4157 4157 4160 4161 3363 4162 4163 4163 4164 4165 4165 4160 4161 3363 4166 4167 4168 4169 4170 4171 4172 4173 4174 4175 4176 
4169 104 4158 4159 4169 4169 4169 4170 4171 4172 4173 4174 4177 4175 4178 4179 4180 4181 4182 4183 4184 4185 4186 4187 4188 4189 4190 4191 4192 4193 4194 4195 4196 4197 4198 4199 4200 4201 4202 4203 4120 4204 4205 4206 4207 4208 4209 4210 4211 4212 4213 4214 4215 4216 4217 4218 4219 4220 4221 4222 4223 4224 4225 4226 4227 4228 4229 4230 4231 4232 4233 4234 4235 4236 4237 4238 4239 4240 4241 4242 4243 4244 4245 4246 4247 4248 4249 4250 4251 4252 4253 4254 4255 4256 4257 4258 4259 4260 4261 4262 4263 4264 4265 4266 4267 4176 
4159 30 4158 4159 4159 4159 4159 4159 4159 4160 4161 3363 4162 4163 4163 4164 4165 4165 4160 4161 3363 4166 4167 4168 4169 4170 4171 4172 4173 4174 4175 4176 
4268 18 4159 4165 4269 4163 4268 4270 4271 4272 4273 4274 4275 4276 4277 4278 4279 4280 4281 3774 
4280 23 4159 4165 4269 4163 4268 4282 4283 4284 4285 4286 4287 4288 4289 4290 4291 4292 4293 4294 4295 4296 4297 4281 3774 
4163 31 4158 4159 4163 4163 4163 4163 4164 4298 4299 4300 4301 4302 4303 4304 4305 4306 4307 4308 4309 4310 4311 4312 4313 4314 4315 4316 4317 4318 4319 4320 4176 
4321 28 4321 4321 4321 4321 4321 4321 4321 4321 4321 4321 4321 4321 4321 4321 4321 4321 4321 4321 4321 4321 4321 4321 4321 4321 4321 4321 4321 4321 
4322 2 4323 2360 
4324 0 
4325 22 530 3356 3357 530 4326 1752 4327 4328 4329 4330 4331 4332 4325 4324 4321 4322 4321 4321 4321 4321 4321 3774 
4332 0 
4331 0 
4330 38 530 3356 3357 530 4326 1752 4333 4334 4335 4336 4337 4338 4339 4340 4341 4342 4343 4344 4345 4346 4347 4348 4327 4328 4329 4330 4331 4332 4325 4324 4321 4322 4321 4321 4321 4321 4321 3774 
4329 45 530 3356 3357 530 4326 1752 4349 4350 4351 4352 4353 4354 4355 4356 4357 4358 4359 4360 4361 4362 4363 4364 4365 4366 4367 4368 4369 4370 4371 4327 4328 4329 4330 4331 4332 4325 4324 4321 4322 4321 4321 4321 4321 4321 3774 
4328 0 
4327 26 530 3356 3357 530 4326 1752 4372 2944 2945 4324 4327 4328 4329 4330 4331 4332 4325 4324 4321 4322 4321 4321 4321 4321 4321 3774 
4341 0 
4339 0 
4337 0 
4336 0 
4335 0 
4334 0 
4373 39 4373 4373 4373 4373 4373 4373 4373 4373 4373 4373 4373 4373 4373 4373 4373 4373 4373 4373 4373 4373 4373 4373 4373 4373 4373 4373 4373 4373 4373 4373 4373 4373 4373 4373 4374 4375 4376 4377 4378 
4379 15 530 3356 3357 530 4326 1752 4380 4381 4382 4383 4379 4373 4373 4373 3774 
4383 25 530 3356 3357 530 4326 1752 4384 4385 4386 4387 4388 4389 4390 4391 4392 4393 4380 4381 4382 4383 4379 4373 4373 4373 3774 
4382 34 530 3356 3357 530 4326 1752 4394 4395 4396 4397 4398 4399 4400 4401 4402 4403 4404 4405 4406 4407 4408 4409 4410 4411 4412 4380 4381 4382 4383 4379 4373 4373 4373 3774 
4381 0 
4380 19 530 3356 3357 530 4326 1752 4413 2944 2945 4414 4380 4381 4382 4383 4379 4373 4373 4373 3774 
4414 0 
4389 0 
4415 23 530 3356 3357 530 4326 1752 4416 4417 4418 4419 4420 4421 4422 4423 4424 4425 4426 4427 4428 4429 4430 4415 3774 
4430 23 530 3356 3357 530 4326 1752 4416 4417 4418 4419 4420 4421 4422 4423 4424 4425 4426 4427 4428 4429 4430 4415 3774 
4429 23 530 3356 3357 530 4326 1752 4416 4417 4418 4419 4420 4421 4422 4423 4424 4425 4426 4427 4428 4429 4430 4415 3774 
4428 23 530 3356 3357 530 4326 1752 4416 4417 4418 4419 4420 4421 4422 4423 4424 4425 4426 4427 4428 4429 4430 4415 3774 
4427 23 530 3356 3357 530 4326 1752 4416 4417 4418 4419 4420 4421 4422 4423 4424 4425 4426 4427 4428 4429 4430 4415 3774 
4426 23 530 3356 3357 530 4326 1752 4416 4417 4418 4419 4420 4421 4422 4423 4424 4425 4426 4427 4428 4429 4430 4415 3774 
4425 60 530 3356 3357 530 4326 1752 4416 4417 4418 4431 4432 4433 4434 4435 3345 4436 4437 4438 4439 4440 4441 3910 4442 4443 4444 4445 4446 4447 4448 4449 4450 4451 4452 4453 4454 4120 4455 4456 4457 4458 4459 4460 4461 3469 4462 4463 4419 4420 4421 4422 4423 4424 4425 4426 4427 4428 4429 4430 4415 3774 
4424 27 530 3356 3357 530 4326 1752 4416 4417 4418 1762 988 1763 989 4419 4420 4421 4422 4423 4424 4425 4426 4427 4428 4429 4430 4415 3774 
4423 40 530 3356 3357 530 4326 1752 4416 4417 4418 4425 4423 3477 4464 4465 3479 4466 3480 3481 3482 3483 3484 3485 3486 4467 3487 1762 4419 4420 4421 4422 4423 4424 4425 4426 4427 4428 4429 4430 4415 3774 
4422 48 530 531 532 533 534 535 536 537 538 539 540 541 542 543 544 545 546 547 548 549 550 551 552 553 554 555 556 557 558 559 560 561 562 563 564 565 566 567 568 569 570 571 572 573 533 574 575 530 
4421 79 530 3356 3357 530 4326 1752 4416 4417 4418 4468 4469 4470 4471 4472 4473 4474 4475 4476 4477 4478 4479 4480 4481 4482 4483 4484 4485 4486 4487 4488 4489 4490 4491 4492 4493 4494 4495 4496 4497 4498 4499 4500 4501 4502 4503 4504 4505 4506 4507 4508 4509 4416 4418 4417 4510 4511 4512 4513 4514 4515 4516 4517 4518 4519 4520 4419 4420 4421 4422 4423 4424 4425 4426 4427 4428 4429 4430 4415 3774 
4420 30 530 3356 3357 530 4326 1752 4416 4417 4418 4521 4522 4523 4524 4525 4526 4421 4419 4420 4421 4422 4423 4424 4425 4426 4427 4428 4429 4430 4415 3774 
4419 28 530 3356 3357 530 4326 1752 4416 4417 4418 4420 4421 4423 4527 4528 4419 4420 4421 4422 4423 4424 4425 4426 4427 4428 4429 4430 4415 3774 
4507 48 530 531 532 533 534 535 536 537 538 539 540 541 542 543 544 545 546 547 548 549 550 551 552 553 554 555 556 557 558 559 560 561 562 563 564 565 566 567 568 569 570 571 572 573 533 574 575 530 
4475 48 530 531 532 533 534 535 536 537 538 539 540 541 542 543 544 545 546 547 548 549 550 551 552 553 554 555 556 557 558 559 560 561 562 563 564 565 566 567 568 569 570 571 572 573 533 574 575 530 
4467 48 530 531 532 533 534 535 536 537 538 539 540 541 542 543 544 545 546 547 548 549 550 551 552 553 554 555 556 557 558 559 560 561 562 563 564 565 566 567 568 569 570 571 572 573 533 574 575 530 
4465 0 
4529 48 530 3356 3357 530 4326 1752 4530 4531 4532 4533 4534 4535 4536 4537 4538 4539 4540 4541 4542 4543 4544 4545 4546 4547 4548 4549 4550 4551 4552 4553 4554 4555 4556 4557 4558 4559 4560 4561 4562 4563 4564 4565 4566 4567 4568 4569 4529 3774 
4569 20 530 3356 3357 530 4326 1752 4530 4531 4532 4570 4562 4563 4564 4565 4566 4567 4568 4569 4529 3774 
4568 27 530 3356 3357 530 4326 1752 4530 4531 4532 4571 4572 4573 4574 4575 3469 4462 4463 4562 4563 4564 4565 4566 4567 4568 4569 4529 3774 
4567 24 530 3356 3357 530 4326 1752 4530 4531 4532 4576 1762 988 1763 989 4562 4563 4564 4565 4566 4567 4568 4569 4529 3774 
4566 37 530 3356 3357 530 4326 1752 4530 4531 4532 4577 4568 4566 4578 4464 4579 3479 4466 3480 3481 3482 3483 3484 3485 3486 4580 3487 4581 4562 4563 4564 4565 4566 4567 4568 4569 4529 3774 
4565 37 4582 4530 4583 4583 4584 4585 4585 4586 4587 4587 4588 4589 4589 4590 4591 4591 4592 4593 4593 4594 4595 4596 4597 4598 4583 4585 4587 4589 4591 4593 4599 4600 4601 4602 4603 4604 4605 
4603 0 
4602 16 4582 4606 4582 4601 4607 4602 4602 4602 4602 4602 4602 4602 4602 4602 4608 4602 
4601 8 4582 4602 4582 4600 4609 4601 4601 4601 
4600 16 4582 4601 4582 4599 4610 4600 4600 4600 4600 4600 4600 4600 4600 4600 4608 4600 
4599 18 4582 4600 4582 4593 4611 4599 4599 4599 4599 4599 4599 4599 4599 4599 4599 4599 4608 4599 
4593 13 4582 4599 4582 4591 4612 4593 4593 4593 4593 4593 4593 4593 4593 
4591 10 4582 4593 4582 4589 4613 4591 4591 4591 4608 4591 
4589 18 4582 4591 4582 4587 4614 4589 4589 4589 4589 4589 4589 4589 4589 4589 4589 4608 4589 4589 
4587 7 4582 4589 4582 4585 4615 4587 4587 
4585 18 4582 4587 4582 4583 4616 4585 4585 4585 4608 4585 4585 4585 4585 4585 4585 4585 4585 4585 
4583 16 4582 4585 4582 4617 4583 4583 4583 4583 4583 4583 4583 4583 4583 4583 4608 4583 
4582 37 4582 4530 4583 4583 4584 4585 4585 4586 4587 4587 4588 4589 4589 4590 4591 4591 4592 4593 4593 4594 4595 4596 4597 4598 4583 4585 4587 4589 4591 4593 4599 4600 4601 4602 4603 4604 4605 
4598 18 4582 4582 4597 4618 4619 4619 4620 4621 4621 4622 4623 4623 4624 4625 4625 4626 4627 4627 
4627 16 4582 4582 4625 4626 4627 4628 4608 4627 4627 4627 4627 4627 4627 4627 4608 4627 
4625 14 4582 4627 4582 4623 4624 4625 4625 4625 4625 4625 4625 4625 4625 4625 
4623 20 4582 4625 4582 4621 4622 4623 4623 4623 4623 4623 4623 4623 4623 4623 4623 4623 4623 4608 4623 4623 
4621 15 4582 4623 4582 4619 4620 4621 4621 4621 4621 4621 4621 4621 4621 4608 4621 
4619 11 4582 4621 4582 4629 4618 4619 4619 4619 4619 4619 4619 
4629 17 4582 4619 4582 4630 4631 4629 4629 4629 4629 4629 4629 4629 4629 4629 4629 4608 4629 
4630 17 4582 4629 4582 4632 4633 4630 4630 4630 4630 4630 4630 4630 4630 4630 4608 4630 4630 
4632 17 4582 4630 4582 4634 4635 4632 4632 4632 4632 4632 4632 4632 4632 4632 4632 4608 4632 
4634 17 4582 4632 4582 4636 4637 4634 4634 4634 4634 4634 4634 4634 4634 4634 4634 4608 4634 
4636 14 4582 4634 4582 4638 4639 4636 4636 4636 4636 4636 4636 4636 4608 4636 
4638 9 4582 4636 4582 4640 4641 4638 4638 4638 4638 
4640 17 4582 4638 4582 4642 4643 4640 4640 4640 4640 4640 4640 4640 4640 4640 4640 4608 4640 
4642 16 4582 4640 4582 4644 4642 4642 4642 4642 4642 4642 4642 4642 4642 4608 4642 4642 
4644 20 4582 4642 4582 4645 4646 4644 4644 4644 4644 4644 4644 4644 4644 4644 4644 4644 4644 4608 4644 4644 
4645 16 4582 4644 4582 4647 4648 4645 4645 4645 4645 4645 4645 4645 4645 4645 4608 4645 
4647 18 4582 4645 4582 4649 4650 4647 4647 4647 4647 4647 4647 4647 4647 4647 4647 4608 4647 4647 
4649 16 4582 4647 4582 4651 4652 4649 4649 4649 4649 4649 4649 4649 4649 4649 4608 4649 
4651 7 4582 4649 4582 4653 4654 4651 4651 
4654 48 530 531 532 533 534 535 536 537 538 539 540 541 542 543 544 545 546 547 548 549 550 551 552 553 554 555 556 557 558 559 560 561 562 563 564 565 566 567 568 569 570 571 572 573 533 574 575 530 
4653 16 4582 4651 4582 4655 4656 4653 4653 4653 4653 4653 4653 4653 4653 4653 4608 4653 
4655 16 4582 4653 4582 4657 4658 4655 4655 4608 4655 4655 4655 4655 4655 4655 4655 4655 
4657 10 4582 4655 4582 4606 4659 4657 4657 4657 4657 4657 
4606 13 4582 4657 4582 4602 4660 4606 4606 4606 4606 4606 4606 4608 4606 
4597 30 4582 4598 4582 4596 4646 4644 4644 4642 4642 4643 4640 4640 4641 4638 4638 4639 4636 4636 4637 4634 4634 4635 4632 4632 4633 4630 4630 4631 4629 4629 
4596 34 4582 4597 4582 4595 4609 4601 4601 4607 4602 4602 4660 4606 4606 4659 4657 4657 4658 4655 4655 4656 4653 4653 4654 4651 4651 4652 4649 4649 4650 4647 4647 4648 4645 4645 
4595 27 4582 4596 4582 4617 4583 4583 4616 4585 4585 4615 4587 4587 4614 4589 4589 4613 4591 4591 4612 4593 4593 4611 4599 4599 4610 4600 4600 
4594 50 4582 4583 4585 4587 4589 4591 4593 4599 4600 4601 4602 4606 4657 4655 4653 4651 4649 4647 4645 4644 4642 4640 4638 4636 4634 4632 4630 4629 4619 4621 4623 4625 4627 4595 4596 4597 4598 4583 4585 4587 4589 4591 4593 4599 4600 4601 4602 4603 4604 4605 
4564 78 530 3356 3357 530 4326 1752 4530 4531 4532 4661 4662 4663 4664 4665 4666 4667 4668 4669 4670 4671 4672 4673 4674 4675 4676 4677 4678 4679 4680 4681 4682 4683 4684 4685 4686 4687 4688 4689 4690 4691 4692 4693 4694 4592 4590 4588 4695 4696 4697 4698 4699 4700 4701 4702 4586 4584 4703 4704 4530 4531 4532 4705 4706 4707 4708 4709 4710 4711 4562 4563 4564 4565 4566 4567 4568 4569 4529 3774 
4563 27 530 3356 3357 530 4326 1752 4530 4531 4532 4712 4521 4713 4523 4524 4525 4526 4564 4562 4563 4564 4565 4566 4567 4568 4569 4529 3774 
4562 25 530 3356 3357 530 4326 1752 4530 4531 4532 4714 4563 4564 4566 4527 4528 4562 4563 4564 4565 4566 4567 4568 4569 4529 3774 
4714 5 4563 4564 4566 4527 4528 
4712 7 4521 4713 4523 4524 4525 4526 4564 
4706 1 4123 
4661 58 4662 4663 4664 4665 4666 4667 4668 4669 4670 4671 4672 4673 4674 4675 4676 4677 4678 4679 4680 4681 4682 4683 4684 4685 4686 4687 4688 4689 4690 4691 4692 4693 4694 4592 4590 4588 4695 4696 4697 4698 4699 4700 4701 4702 4586 4584 4703 4704 4530 4531 4532 4705 4706 4707 4708 4709 4710 4711 
4580 48 530 531 532 533 534 535 536 537 538 539 540 541 542 543 544 545 546 547 548 549 550 551 552 553 554 555 556 557 558 559 560 561 562 563 564 565 566 567 568 569 570 571 572 573 533 574 575 530 
4579 0 
4577 17 4568 4577 3477 4464 4579 3479 4466 3480 3481 3482 3483 3484 3485 3486 4580 3487 4581 
4576 4 1762 988 1763 989 
4571 7 4572 4573 4574 4575 3469 4462 4463 
4570 0 
4561 0 
4560 0 
4559 0 
4558 0 
4557 0 
4556 0 
4555 0 
4554 0 
4553 0 
4552 0 
4551 0 
4550 0 
4549 0 
4548 0 
4547 0 
4546 0 
4545 0 
4544 0 
4543 0 
4542 0 
4541 0 
4540 0 
4539 0 
4538 0 
4537 0 
4536 0 
4535 0 
4534 2 4715 4716 
4533 28 4534 4535 4536 4537 4538 4539 4540 4541 4542 4543 4544 4545 4546 4547 4548 4549 4550 4551 4552 4553 4554 4555 4556 4557 4558 4559 4560 4561 
4717 41 530 3356 3357 530 4326 1752 4718 4719 4720 4721 4722 4723 4724 4725 4726 4727 4728 4729 4730 4731 4732 4733 4734 4735 4736 4737 4738 4739 4740 4741 4742 4743 4744 4745 4746 4747 4748 4749 4750 4717 3774 
4750 19 530 3356 3357 530 4326 1752 4718 4751 4742 4743 4744 4745 4746 4747 4748 4749 4750 4717 3774 
4749 1 4123 
4748 1 4123 
4747 1 4123 
4746 38 530 3356 3357 530 4326 1752 4718 4752 4753 4754 4749 4746 3477 4464 4755 3479 4466 3480 3481 3482 3483 3484 3485 3486 4756 3487 4581 4742 4743 4744 4745 4746 4747 4748 4749 4750 4717 3774 
4745 20 4757 4758 4759 4760 4761 4762 4763 4764 4765 4766 4767 4768 4769 4770 4771 4772 4773 4774 4604 4605 
4774 0 
4773 29 4757 4775 4757 4772 4776 4773 4773 4773 4773 4773 4773 4777 4773 4773 4778 4773 4779 4773 4773 4780 4773 4773 4773 4773 4773 4773 4773 4773 4773 
4772 14 4757 4773 4757 4771 4646 4772 4772 4772 4772 4772 4772 4772 4772 4772 
4771 29 4757 4772 4757 4770 4658 4771 4777 4771 4771 4771 4771 4771 4771 4771 4778 4771 4780 4771 4779 4771 4771 4771 4771 4771 4771 4771 4771 4771 4771 
4770 28 4757 4771 4757 4769 4656 4770 4770 4777 4770 4770 4770 4778 4770 4779 4770 4770 4780 4770 4770 4770 4770 4770 4770 4770 4770 4770 4770 4770 
4769 24 4757 4770 4757 4768 4769 4769 4769 4769 4769 4777 4769 4769 4769 4769 4769 4769 4779 4769 4769 4778 4769 4769 4769 4769 
4768 23 4757 4769 4757 4767 4660 4768 4777 4768 4768 4778 4768 4768 4768 4768 4768 4768 4768 4768 4768 4768 4768 4779 4768 
4767 29 4757 4768 4757 4766 4781 4767 4767 4767 4767 4767 4779 4767 4767 4767 4767 4767 4777 4767 4767 4778 4767 4767 4767 4767 4780 4767 4767 4767 4767 
4766 30 4757 4767 4757 4765 4610 4766 4766 4777 4766 4766 4766 4766 4766 4766 4766 4778 4766 4780 4766 4779 4766 4766 4766 4766 4766 4766 4766 4766 4766 4766 
4765 25 4757 4766 4757 4764 4613 4765 4765 4765 4765 4765 4765 4765 4765 4778 4765 4765 4765 4765 4765 4779 4765 4765 4765 4765 4765 
4764 5 4757 4765 4757 4782 4764 
4757 20 4757 4758 4759 4760 4761 4762 4763 4764 4765 4766 4767 4768 4769 4770 4771 4772 4773 4774 4604 4605 
4763 9 4757 4757 4762 4783 4784 4784 4626 4785 4785 
4785 34 4757 4757 4784 4626 4785 4785 4785 4785 4785 4785 4785 4785 4786 4785 4785 4785 4785 4785 4785 4785 4779 4785 4779 4785 4785 4778 4785 4778 4785 4778 4785 4785 4787 4785 
4784 29 4757 4785 4757 4788 4783 4784 4784 4784 4784 4784 4784 4784 4784 4778 4784 4784 4784 4784 4786 4784 4784 4784 4784 4779 4784 4784 4787 4784 4784 
4788 6 4757 4784 4757 4789 4790 4788 
4789 27 4757 4788 4757 4791 4624 4789 4789 4789 4789 4789 4789 4789 4789 4789 4789 4779 4789 4789 4789 4789 4789 4780 4789 4789 4789 4789 4789 
4791 6 4757 4789 4757 4792 4793 4791 
4792 31 4757 4791 4757 4794 4631 4792 4792 4777 4792 4792 4792 4792 4778 4792 4792 4792 4792 4779 4792 4792 4792 4780 4792 4792 4792 4792 4792 4792 4792 4792 4792 
4794 28 4757 4792 4757 4795 4620 4794 4794 4794 4794 4794 4780 4794 4779 4794 4794 4794 4794 4794 4794 4778 4794 4794 4794 4794 4794 4794 4777 4794 
4795 28 4757 4794 4757 4796 4637 4795 4795 4795 4780 4795 4795 4795 4795 4779 4795 4795 4795 4778 4795 4795 4795 4795 4795 4795 4795 4795 4777 4795 
4796 29 4757 4795 4757 4797 4798 4796 4777 4796 4796 4796 4779 4796 4796 4796 4796 4796 4780 4796 4796 4796 4778 4796 4796 4796 4796 4796 4796 4796 4796 
4797 28 4757 4796 4757 4799 4800 4797 4797 4777 4797 4797 4797 4797 4797 4779 4797 4797 4797 4797 4780 4797 4797 4778 4797 4797 4797 4797 4797 4797 
4799 29 4757 4797 4757 4801 4802 4799 4799 4777 4799 4799 4799 4799 4799 4799 4779 4799 4799 4799 4799 4799 4778 4799 4780 4799 4799 4799 4799 4799 4799 
4801 6 4757 4799 4757 4803 4804 4801 
4803 28 4757 4801 4757 4805 4806 4803 4803 4803 4803 4777 4803 4803 4779 4803 4778 4803 4803 4803 4780 4803 4803 4803 4803 4803 4803 4803 4803 4803 
4805 10 4757 4803 4757 4807 4805 4805 4779 4805 4805 4805 
4807 9 4757 4805 4757 4775 4807 4807 4807 4807 4807 
4775 27 4757 4807 4757 4773 4643 4775 4775 4775 4775 4775 4775 4778 4775 4775 4780 4775 4775 4775 4779 4775 4775 4775 4775 4775 4775 4775 4775 
4762 34 4757 4763 4757 4761 4806 4803 4803 4804 4801 4802 4799 4799 4800 4797 4797 4798 4796 4796 4637 4795 4795 4620 4794 4794 4631 4792 4792 4793 4791 4624 4789 4789 4790 4788 
4761 23 4757 4762 4757 4760 4656 4770 4770 4658 4771 4771 4646 4772 4772 4776 4773 4773 4643 4775 4775 4807 4807 4805 4805 
4760 18 4757 4761 4757 4759 4613 4765 4765 4610 4766 4766 4781 4767 4767 4660 4768 4768 4769 4769 
4759 5 4757 4760 4757 4782 4764 
4758 45 4757 4764 4765 4766 4767 4768 4769 4770 4771 4772 4773 4775 4807 4805 4803 4801 4799 4797 4796 4795 4794 4792 4791 4789 4788 4784 4785 4759 4760 4761 4762 4763 4764 4765 4766 4767 4768 4769 4770 4771 4772 4773 4774 4604 4605 
4744 102 530 3356 3357 530 4326 1752 4718 4808 4809 4810 4811 4812 4813 4814 4668 4669 4815 4816 4817 4818 4819 4820 4821 4822 4823 4824 4825 4826 4827 4828 4829 4830 4831 4832 4833 4834 4835 4836 4837 4838 4839 4840 4841 4842 4843 4844 4845 4846 4847 4848 4849 4850 4851 4852 4853 4854 4855 4856 4857 4858 4859 4860 4861 4862 4863 4864 4865 4866 4867 4868 4869 4870 4871 4872 4873 4874 4875 4876 4877 4878 4879 4856 4880 4881 4882 4883 4884 4881 4885 4886 4887 4742 4743 4744 4745 4746 4747 4748 4749 4750 4717 3774 
4743 26 530 3356 3357 530 4326 1752 4718 4888 4521 4889 4523 4890 4525 4891 4744 4742 4743 4744 4745 4746 4747 4748 4749 4750 4717 3774 
4742 24 530 3356 3357 530 4326 1752 4718 4892 4743 4744 4746 4527 4528 4742 4743 4744 4745 4746 4747 4748 4749 4750 4717 3774 
4892 5 4743 4744 4746 4527 4528 
4891 20 4757 4758 4759 4760 4761 4762 4763 4764 4765 4766 4767 4768 4769 4770 4771 4772 4773 4774 4604 4605 
4888 7 4521 4889 4523 4890 4525 4891 4744 
4877 1 4123 
4814 1 4123 
4808 83 4809 4810 4811 4812 4813 4814 4668 4669 4815 4816 4817 4818 4819 4820 4821 4822 4823 4824 4825 4826 4827 4828 4829 4830 4831 4832 4833 4834 4835 4836 4837 4838 4839 4840 4841 4842 4843 4844 4845 4846 4847 4848 4849 4850 4851 4852 4853 4854 4855 4856 4857 4858 4859 4860 4861 4862 4863 4864 4865 4866 4867 4868 4869 4870 4871 4872 4873 4874 4875 4876 4877 4878 4879 4856 4880 4881 4882 4883 4884 4881 4885 4886 4887 
4756 48 530 531 532 533 534 535 536 537 538 539 540 541 542 543 544 545 546 547 548 549 550 551 552 553 554 555 556 557 558 559 560 561 562 563 564 565 566 567 568 569 570 571 572 573 533 574 575 530 
4755 0 
4752 19 4753 4754 4749 4752 3477 4464 4755 3479 4466 3480 3481 3482 3483 3484 3485 3486 4756 3487 4581 
4751 0 
4741 0 
4740 0 
4739 0 
4738 0 
4737 0 
4736 0 
4735 0 
4734 0 
4733 0 
4732 0 
4731 0 
4730 0 
4729 0 
4728 0 
4727 0 
4726 0 
4725 0 
4724 0 
4723 0 
4722 0 
4721 0 
4720 2 4715 4716 
4719 22 4720 4721 4722 4723 4724 4725 4726 4727 4728 4729 4730 4731 4732 4733 4734 4735 4736 4737 4738 4739 4740 4741 
4269 0 
4165 38 4158 4159 4165 4165 4165 4168 4167 4166 4160 4161 4893 4894 4895 4896 4897 4898 4899 4900 4901 4902 4903 4904 4905 4906 4907 4908 4909 4910 4911 4912 4913 4914 4915 4916 4917 4918 4919 4176 
4893 33 4920 4921 1752 4255 4257 4259 4258 4261 4264 4922 4923 4924 4925 4926 4927 4928 4929 4930 4931 4932 4933 4934 4935 4936 4937 4938 4939 4940 4941 4942 4943 4944 4945 
4938 0 
4936 0 
4935 0 
4168 0 
4319 0 
4318 26 530 3356 3357 530 4326 1752 4372 2944 2945 4324 4327 4328 4329 4330 4331 4332 4325 4324 4321 4322 4321 4321 4321 4321 4321 3774 
1752 0 
4317 19 530 3356 3357 530 4326 1752 4413 2944 2945 4414 4380 4381 4382 4383 4379 4373 4373 4373 3774 
4316 0 
4315 0 
4314 0 
4311 28 530 3356 3357 530 4326 1752 4416 4417 4418 4420 4421 4423 4527 4528 4419 4420 4421 4422 4423 4424 4425 4426 4427 4428 4429 4430 4415 3774 
4310 0 
4309 25 530 3356 3357 530 4326 1752 4530 4531 4532 4714 4563 4564 4566 4527 4528 4562 4563 4564 4565 4566 4567 4568 4569 4529 3774 
4308 24 530 3356 3357 530 4326 1752 4718 4892 4743 4744 4746 4527 4528 4742 4743 4744 4745 4746 4747 4748 4749 4750 4717 3774 
4307 0 
4306 0 
4305 0 
4304 0 
4302 0 
4301 0 
4300 0 
4299 0 
4320 0 
4313 0 
4303 0 
4298 0 
4946 17 530 531 532 533 4947 4948 4949 4950 4951 4952 4953 4954 4955 533 4956 575 530 
4956 0 
4955 0 
4954 16 530 531 532 533 4947 4948 4949 4950 4951 4952 4953 4954 4955 533 575 530 
4953 0 
4952 0 
4951 182 530 531 532 533 4947 4948 4949 4950 4951 4952 4953 4954 4955 533 4957 4958 4959 4960 4961 4962 4963 4964 4965 4966 4967 4968 4969 4970 4971 4972 4973 4974 4975 4976 4977 4978 4979 4980 4981 4982 4983 4984 4985 4986 4987 4988 4989 4990 4991 4992 4993 4994 4995 4996 4997 4998 4999 5000 5001 5002 5003 5004 5005 5006 5007 5008 5009 5010 5011 5012 5013 5014 5015 5016 5017 5018 5019 5020 5021 5022 5023 5024 5025 5026 5027 5028 5029 5030 5031 5032 5033 5034 5035 5036 5037 5038 5039 5040 5041 5042 5043 5044 5045 5046 5047 5048 5049 5050 5051 5052 5053 5054 5055 5056 5057 5058 5059 5060 5061 5062 5063 5064 5065 5066 5067 5068 5065 5069 5054 5070 5071 5072 5073 5074 5075 5076 5077 5078 5079 5080 5081 5082 5083 5084 5085 5086 5087 5088 5089 5090 5091 5092 5093 5094 5095 5096 5097 5098 5099 5100 5101 5102 5103 5104 5105 5106 5107 5108 5109 5110 5111 5112 5113 5114 5115 5116 5117 5118 5119 5120 575 530 
4950 0 
4949 23 530 531 532 533 4947 4948 4949 4950 4951 4952 4953 4954 4955 533 4956 5121 5122 5123 5124 5125 5126 575 530 
4948 0 
4947 0 
5127 1 4123 
5128 1 4123 
5129 1 4123 
5130 1 4123 
5131 1 4123 
5132 1 4123 
5133 1 4123 
5134 1 4123 
5135 1 4123 
5136 1 4123 
5137 1 4123 
5138 1 4123 
5139 1 4123 
5140 1 4123 
5141 1 4123 
5142 90 5142 5142 5142 5142 5142 5142 5142 5142 5142 5142 5142 5142 5142 5142 5143 5144 5145 5141 5144 5146 5147 5148 5149 5140 5139 5150 5151 5138 5152 5137 5153 5154 5136 5135 5135 5155 5134 5134 5133 5133 5156 502 5157 5158 5159 5132 5019 5160 5161 5131 5162 5131 5163 5164 5165 5166 5130 5129 5167 5130 5129 5168 5128 5169 5168 5003 5170 5171 5172 5127 5127 5173 5174 5127 5175 502 5176 5177 5178 5179 5180 5100 4963 5181 5182 5183 5004 4994 4999 5184 
5185 24 5185 5185 5185 5185 5185 5185 5185 5185 5185 5185 5185 5185 5185 5185 5185 5185 5185 5185 5185 5185 5185 5185 5185 5185 
5186 0 
5126 0 
5125 0 
5124 1 5187 
5187 17 530 531 532 533 4947 4948 4949 4950 4951 4952 4953 4954 4955 533 4956 575 530 
5123 0 
5122 90 5142 5142 5142 5142 5142 5142 5142 5142 5142 5142 5142 5142 5142 5142 5143 5144 5145 5141 5144 5146 5147 5148 5149 5140 5139 5150 5151 5138 5152 5137 5153 5154 5136 5135 5135 5155 5134 5134 5133 5133 5156 502 5157 5158 5159 5132 5019 5160 5161 5131 5162 5131 5163 5164 5165 5166 5130 5129 5167 5130 5129 5168 5128 5169 5168 5003 5170 5171 5172 5127 5127 5173 5174 5127 5175 502 5176 5177 5178 5179 5180 5100 4963 5181 5182 5183 5004 4994 4999 5184 
5182 1 4123 
5181 1 4123 
5121 0 
5060 24 5185 5185 5185 5185 5185 5185 5185 5185 5185 5185 5185 5185 5185 5185 5185 5185 5185 5185 5185 5185 5185 5185 5185 5185 
4960 0 
5188 41 5188 5188 5188 5189 2 5190 4 5 6 7 8 9 10 11 12 13 14 15 16 17 39 18 5191 5192 5193 22 5194 5195 5196 5197 5198 5199 5200 5201 31 5202 33 5203 35 5204 5205 
