0 0.000175657
1 0.000183203
2 0.000176179
3 0.000172528
4 0.000176179
5 0.000176179
6 0.000176179
7 0.000176179
8 0.000176179
9 0.000176179
10 0.000176179
11 0.000176179
12 0.000176179
13 0.000178674
14 0.000178674
15 0.000178674
16 0.000178674
17 0.000176179
18 0.000178674
19 0.000175024
20 0.000175024
21 0.000175024
22 0.000178674
23 0.000175024
24 0.000175024
25 0.000175024
26 0.000175024
27 0.000175024
28 0.000175024
29 0.000183203
30 0.000175024
31 0.000178674
32 0.000175024
33 0.000178674
34 0.000183203
35 0.000178674
36 0.000175024
37 0.000172528
38 0.000209538
39 0.000174926
40 0.000166909
41 0.000166909
42 0.000166909
43 0.000166909
44 0.000166909
45 0.000166909
46 0.000175088
47 0.000166909
48 0.000175088
49 0.000175088
50 0.000166909
51 0.000166909
52 0.000166909
53 0.000175088
54 0.000166909
55 0.000166909
56 0.000175088
57 0.000166909
58 0.000166909
59 0.000166909
60 0.000175088
61 0.000166909
62 0.000166909
63 0.000166909
64 0.000166909
65 0.000166909
66 0.000166909
67 0.000166909
68 0.000166909
69 0.000166909
70 0.000166909
71 0.000170585
72 0.000165403
73 0.000165403
74 0.000167381
75 0.000179296
76 0.000166392
77 0.000165403
78 0.000165403
79 0.000165403
80 0.000165403
81 0.000165403
82 0.000165403
83 0.000165403
84 0.000169342
85 0.000165403
86 0.000165403
87 0.000165403
88 0.000165403
89 0.000165403
90 0.000165403
91 0.000165403
92 0.000165403
93 0.000165403
94 0.000165403
95 0.000165403
96 0.000169342
97 0.000165403
98 0.000165403
99 0.000165403
100 0.000165403
101 0.000165403
102 0.000169342
103 0.000165403
104 0.000165403
105 0.000165403
106 0.000165403
107 0.000165403
108 0.000165403
109 0.000167969
110 0.000169342
111 0.000169342
112 0.000165403
113 0.000165403
114 0.000165403
115 0.000169342
116 0.000165403
117 0.000165403
118 0.000165403
119 0.000165403
120 0.000165403
121 0.000169342
122 0.000165403
123 0.000165403
124 0.000165403
125 0.000165403
126 0.000165403
127 0.000167614
128 0.000165403
129 0.000165403
130 0.000165403
131 0.000165403
132 0.000165403
133 0.000165403
134 0.000167614
135 0.000165403
136 0.000165403
137 0.000165403
138 0.000165403
139 0.000165403
140 0.000169342
141 0.000165403
142 0.000165403
143 0.000165403
144 0.000165403
145 0.000165403
146 0.000169342
147 0.000165403
148 0.000165403
149 0.000165403
150 0.000165403
151 0.000165403
152 0.000167614
153 0.000165403
154 0.000165403
155 0.000165403
156 0.000165403
157 0.000165403
158 0.000165403
159 0.000165403
160 0.000165403
161 0.000165403
162 0.000165403
163 0.000165403
164 0.000169342
165 0.000165403
166 0.000165403
167 0.000165403
168 0.000165403
169 0.000165403
170 0.000169342
171 0.000165403
172 0.000165403
173 0.000165403
174 0.000165403
175 0.000165403
176 0.000169342
177 0.000165403
178 0.000165403
179 0.000165403
180 0.000165403
181 0.000165403
182 0.000169342
183 0.000169342
184 0.000169342
185 0.000165403
186 0.000165403
187 0.000165403
188 0.000165403
189 0.000165403
190 0.000165403
191 0.000165403
192 0.000165403
193 0.000165403
194 0.000165403
195 0.000165403
196 0.000165403
197 0.000165403
198 0.000165403
199 0.000169342
200 0.000165403
201 0.000165403
202 0.000165403
203 0.000165403
204 0.000165403
205 0.000165403
206 0.000165403
207 0.000165403
208 0.000165403
209 0.000165403
210 0.000165403
211 0.000169342
212 0.000165403
213 0.000165403
214 0.000165403
215 0.000165403
216 0.000165403
217 0.000165403
218 0.000165403
219 0.000193251
220 0.000193251
221 0.000193251
222 0.000193251
223 0.000193251
224 0.000177318
225 0.000193251
226 0.000193251
227 0.000193251
228 0.000193251
229 0.000317798
230 0.000241106
231 0.000242869
232 0.000248565
233 0.000241106
234 0.000177929
235 0.000191446
236 0.000177929
237 0.000177929
238 0.000177929
239 0.000177929
240 0.000171468
241 0.000171468
242 0.000171468
243 0.000177929
244 0.000177929
245 0.000177929
246 0.000177929
247 0.000171468
248 0.000171468
249 0.000171468
250 0.000177929
251 0.000171468
252 0.000171468
253 0.000166625
254 0.000166625
255 0.000177309
256 0.000168836
257 0.000166625
258 0.000168353
259 0.000166625
260 0.000166625
261 0.000168353
262 0.000166625
263 0.000231571
264 0.000166625
265 0.000166625
266 0.000166625
267 0.000166625
268 0.000166625
269 0.000166625
270 0.000166625
271 0.000166625
272 0.000168353
273 0.000166625
274 0.000166625
275 0.000166625
276 0.000166625
277 0.000166625
278 0.000166625
279 0.000166625
280 0.000166625
281 0.000166625
282 0.000166625
283 0.000166625
284 0.000166625
285 0.000166625
286 0.000166625
287 0.000166625
288 0.000166625
289 0.000168353
290 0.000166625
291 0.000166625
292 0.000166625
293 0.000166625
294 0.000166625
295 0.000166625
296 0.000166625
297 0.000166625
298 0.000180346
299 0.000180346
300 0.000212213
301 0.000180346
302 0.000180346
303 0.000170875
304 0.000170875
305 0.000170875
306 0.000170875
307 0.000170875
308 0.000177336
309 0.000170875
310 0.000177336
311 0.000166142
312 0.000166142
313 0.00018246
314 0.000166142
315 0.000166142
316 0.000166142
317 0.000166142
318 0.000166142
319 0.000166142
320 0.000166142
321 0.000166142
322 0.000166142
323 0.000166142
324 0.000166142
325 0.000166142
326 0.000166142
327 0.000166142
328 0.000166142
329 0.000166142
330 0.000175
331 0.000166142
332 0.000166142
333 0.000166142
334 0.000166142
335 0.000166142
336 0.000166142
337 0.000166142
338 0.000166142
339 0.000166142
340 0.000166142
341 0.000166142
342 0.000166142
343 0.000166142
344 0.000166142
345 0.000166142
346 0.000166142
347 0.000166142
348 0.000166142
349 0.000166142
350 0.000166142
351 0.000166142
352 0.000166142
353 0.000166142
354 0.000166142
355 0.000166142
356 0.000166142
357 0.000166142
358 0.000166142
359 0.000166142
360 0.000166142
361 0.000166142
362 0.000166142
363 0.000166142
364 0.000166142
365 0.000166142
366 0.000166142
367 0.000166142
368 0.000166142
369 0.000166142
370 0.000166142
371 0.000166142
372 0.000166142
373 0.000166142
374 0.000166142
375 0.000173272
376 0.000173272
377 0.000173272
378 0.000173272
379 0.000173272
380 0.000173272
381 0.00018213
382 0.000173272
383 0.000173272
384 0.000173272
385 0.000173272
386 0.000173272
387 0.000173272
388 0.000171873
389 0.000165656
390 0.000165656
391 0.000165656
392 0.000165656
393 0.000739328
394 0.000165656
395 0.000228938
396 0.00034996
397 0.000261178
398 0.000201287
399 0.000166899
400 0.000166899
401 0.000166899
402 0.000713103
403 0.000206008
404 0.000166899
405 0.000233331
406 0.000184036
407 0.000168355
408 0.000168355
409 0.000172685
410 0.000165656
411 0.000165656
412 0.000168355
413 0.000176642
414 0.000168355
415 0.000185302
416 0.000165656
417 0.000165656
418 0.000168355
419 0.000168355
420 0.000165656
421 0.000165656
422 0.000168355
423 0.000176642
424 0.000165656
425 0.000165656
426 0.000210171
427 0.000168355
428 0.000165656
429 0.000165656
430 0.0002098
431 0.000165656
432 0.000165656
433 0.000185302
434 0.000165656
435 0.000165656
436 0.0002098
437 0.000165656
438 0.000165656
439 0.000168355
440 0.000172685
441 0.000168355
442 0.000165656
443 0.000165656
444 0.000168355
445 0.0002115
446 0.000165656
447 0.000165656
448 0.000235647
449 0.000165656
450 0.000165656
451 0.000207171
452 0.000165656
453 0.000165656
454 0.000470351
455 0.000165656
456 0.000172685
457 0.000165656
458 0.000165656
459 0.000165656
460 0.000165656
461 0.0002115
462 0.000165656
463 0.000165656
464 0.000176642
465 0.000189909
466 0.000165656
467 0.000165656
468 0.000165656
469 0.000165656
470 0.000172685
471 0.000165656
472 0.000180379
473 0.000165656
474 0.000165656
475 0.00017605
476 0.000165656
477 0.000165656
478 0.000173607
479 0.000165656
480 0.000165656
481 0.000274034
482 0.000165656
483 0.000165656
484 0.000172259
485 0.000165656
486 0.000165656
487 0.000165656
488 0.000165656
489 0.000191
490 0.000165656
491 0.000165656
492 0.000165656
493 0.000165656
494 0.000165656
495 0.000165656
496 0.000165656
497 0.000824751
498 0.000495971
499 0.00019289
500 0.00019289
501 0.00019289
502 0.00113338
503 0.000203229
504 0.000418584
505 0.000210258
506 0.000287458
507 0.000203669
508 0.000169323
509 0.000169323
510 0.000507947
511 0.000174584
512 0.000174584
513 0.000200009
514 0.000200009
515 0.000321414
516 0.000321414
517 0.000503448
518 0.000313247
519 0.000259073
520 0.000195966
521 0.000202936
522 0.000217503
523 0.000500073
524 0.000190958
525 0.000190958
526 0.000503448
527 0.000181586
528 0.000181586
529 0.000181586
530 0.00191776
531 0.000469976
532 0.000469976
533 0.000810419
534 0.000239752
535 0.000239752
536 0.000239752
537 0.000239752
538 0.000239752
539 0.000239752
540 0.000239752
541 0.000239752
542 0.000239752
543 0.000239752
544 0.000239752
545 0.000239752
546 0.000239752
547 0.000239752
548 0.000239752
549 0.000239752
550 0.000239752
551 0.000239752
552 0.000239752
553 0.000239752
554 0.000239752
555 0.000239752
556 0.000239752
557 0.000239752
558 0.000239752
559 0.000239752
560 0.000239752
561 0.000239752
562 0.000239752
563 0.000239752
564 0.000239752
565 0.000239752
566 0.000239752
567 0.000239752
568 0.000239752
569 0.000239752
570 0.000239752
571 0.000239752
572 0.000239752
573 0.000239752
574 0.000239752
575 0.000408351
576 0.000503448
577 0.000503448
578 0.00023883
579 0.000503448
580 0.000365404
581 0.00035577
582 0.000228199
583 0.000503448
584 0.000172592
585 0.000172592
586 0.000172592
587 0.000172592
588 0.000172592
589 0.000172592
590 0.000174103
591 0.000167661
592 0.000167661
593 0.000169424
594 0.000167661
595 0.000167661
596 0.000167661
597 0.000167661
598 0.000167661
599 0.000167661
600 0.000167661
601 0.000167661
602 0.000174156
603 0.000167661
604 0.000174156
605 0.000174156
606 0.000174156
607 0.000174156
608 0.000170908
609 0.000174156
610 0.000167661
611 0.000167661
612 0.000167661
613 0.000167661
614 0.000167661
615 0.000167661
616 0.000167661
617 0.000167661
618 0.000167661
619 0.000167661
620 0.000167661
621 0.000167661
622 0.000167661
623 0.000167661
624 0.000167661
625 0.000167661
626 0.000167661
627 0.000167661
628 0.000167661
629 0.000167661
630 0.000167661
631 0.000167661
632 0.000167661
633 0.000167661
634 0.000167661
635 0.000167661
636 0.000167661
637 0.000167661
638 0.000167661
639 0.000167661
640 0.000167661
641 0.000167661
642 0.000167661
643 0.000167661
644 0.000167661
645 0.000167661
646 0.000167661
647 0.000167661
648 0.000167661
649 0.000167661
650 0.000169424
651 0.000167661
652 0.000167661
653 0.000167661
654 0.000167661
655 0.000167661
656 0.000167661
657 0.000167661
658 0.000167661
659 0.000175971
660 0.000166176
661 0.000166176
662 0.000166176
663 0.000166176
664 0.000166176
665 0.000166176
666 0.000166176
667 0.000166176
668 0.000166176
669 0.000166176
670 0.000166176
671 0.000166176
672 0.000166176
673 0.000166176
674 0.000166176
675 0.000166176
676 0.000166176
677 0.000166176
678 0.000166176
679 0.000166176
680 0.000166176
681 0.000166176
682 0.000166176
683 0.000166176
684 0.000166176
685 0.000166176
686 0.000166176
687 0.000166176
688 0.000166176
689 0.000166176
690 0.000166176
691 0.000166176
692 0.000166176
693 0.000166176
694 0.000166176
695 0.000166176
696 0.000166176
697 0.000166176
698 0.000166176
699 0.000166176
700 0.000166176
701 0.000166176
702 0.000166176
703 0.000166176
704 0.000166176
705 0.000166176
706 0.000166176
707 0.000166176
708 0.000166176
709 0.000166176
710 0.000166176
711 0.000166176
712 0.000166176
713 0.000166176
714 0.000166176
715 0.000166176
716 0.000166176
717 0.000166176
718 0.000166176
719 0.000166176
720 0.000166176
721 0.000166176
722 0.000166176
723 0.000166176
724 0.000166176
725 0.000166176
726 0.000166176
727 0.000166176
728 0.000166176
729 0.000166176
730 0.000166176
731 0.000166176
732 0.000166176
733 0.000166176
734 0.000166176
735 0.000166176
736 0.000166176
737 0.000166176
738 0.000503448
739 0.000503448
740 0.000212302
741 0.000212302
742 0.000212302
743 0.000212302
744 0.000245936
745 0.000168268
746 0.000168268
747 0.000168268
748 0.000168268
749 0.000168268
750 0.000168268
751 0.000168268
752 0.000168268
753 0.000168268
754 0.000168268
755 0.000168268
756 0.000168268
757 0.000168268
758 0.000168268
759 0.000168268
760 0.000168268
761 0.000168268
762 0.000168268
763 0.000168268
764 0.000168268
765 0.000168268
766 0.000168268
767 0.000168268
768 0.000168268
769 0.000168268
770 0.000168268
771 0.000168268
772 0.000168268
773 0.000168268
774 0.000168268
775 0.000168268
776 0.000168268
777 0.000168268
778 0.000168268
779 0.000168268
780 0.000168268
781 0.000168268
782 0.000168268
783 0.000168268
784 0.000168268
785 0.000168268
786 0.000168268
787 0.000168268
788 0.000168268
789 0.000168268
790 0.000168268
791 0.000168268
792 0.000168268
793 0.000168268
794 0.000168268
795 0.000168268
796 0.000168268
797 0.000168268
798 0.000168268
799 0.000168268
800 0.000168268
801 0.000168268
802 0.000168268
803 0.000168268
804 0.000168268
805 0.000168268
806 0.000168268
807 0.000168268
808 0.000168268
809 0.000168268
810 0.000168268
811 0.000168268
812 0.000168268
813 0.000168268
814 0.000165569
815 0.000165569
816 0.000165569
817 0.000165569
818 0.000165569
819 0.000165569
820 0.000165569
821 0.000165569
822 0.000165569
823 0.000165569
824 0.000165569
825 0.000165569
826 0.000165569
827 0.000165569
828 0.000165569
829 0.000165569
830 0.000165569
831 0.000165569
832 0.000165569
833 0.000165569
834 0.000165569
835 0.000165569
836 0.000165569
837 0.000165569
838 0.000165569
839 0.000165569
840 0.000165569
841 0.000165569
842 0.000165569
843 0.000165569
844 0.000165569
845 0.000165569
846 0.000185769
847 0.000165569
848 0.000165569
849 0.000165569
850 0.000165569
851 0.000165569
852 0.000165569
853 0.000165569
854 0.000165569
855 0.000165569
856 0.00044677
857 0.000165569
858 0.000165569
859 0.000165569
860 0.000165569
861 0.000165569
862 0.000165569
863 0.000165569
864 0.000165569
865 0.000165569
866 0.000165569
867 0.000165569
868 0.000165569
869 0.000165569
870 0.000165569
871 0.000165569
872 0.000165569
873 0.000165569
874 0.000165569
875 0.000165569
876 0.000165569
877 0.000165569
878 0.000165569
879 0.000165569
880 0.000173483
881 0.000173483
882 0.000173483
883 0.000173483
884 0.000173483
885 0.000173483
886 0.000173483
887 0.000173483
888 0.000173483
889 0.000173483
890 0.000168444
891 0.000168444
892 0.000168444
893 0.000168444
894 0.000168444
895 0.000168444
896 0.000168444
897 0.000168444
898 0.000168444
899 0.000168444
900 0.000168444
901 0.000168444
902 0.000168444
903 0.000168444
904 0.000168444
905 0.000168444
906 0.000168444
907 0.000168444
908 0.000168444
909 0.000168444
910 0.000168444
911 0.000168444
912 0.000168444
913 0.000168444
914 0.000168444
915 0.000168444
916 0.000168444
917 0.000168444
918 0.000168444
919 0.000168444
920 0.000168444
921 0.000168444
922 0.000168444
923 0.000168444
924 0.000168444
925 0.000168444
926 0.000168444
927 0.000168444
928 0.000168444
929 0.000168444
930 0.000337927
931 0.00016698
932 0.00016698
933 0.00016698
934 0.00016698
935 0.00016698
936 0.00016698
937 0.00016698
938 0.00016698
939 0.00016698
940 0.00016698
941 0.00016698
942 0.00016698
943 0.00016698
944 0.00016698
945 0.00016698
946 0.00016698
947 0.00016698
948 0.00016698
949 0.00016698
950 0.00016698
951 0.00016698
952 0.00016698
953 0.00016698
954 0.00016698
955 0.00016698
956 0.00016698
957 0.00016698
958 0.00016698
959 0.00016698
960 0.00016698
961 0.00016698
962 0.00016698
963 0.00016698
964 0.00016698
965 0.00016698
966 0.00016698
967 0.00016698
968 0.00016698
969 0.00016698
970 0.00016698
971 0.00016698
972 0.00016698
973 0.00016698
974 0.00016698
975 0.00016698
976 0.00016698
977 0.00016698
978 0.00016698
979 0.00016698
980 0.00016698
981 0.00016698
982 0.00016698
983 0.00016698
984 0.00016698
985 0.000211898
986 0.000211898
987 0.00021524
988 0.000345964
989 0.000353426
990 0.000457197
991 0.000198047
992 0.000411737
993 0.000198047
994 0.000198047
995 0.000198047
996 0.000198047
997 0.000198047
998 0.000205855
999 0.000252359
1000 0.000252359
1001 0.00018776
1002 0.000182889
1003 0.000180446
1004 0.000180446
1005 0.000180446
1006 0.000180446
1007 0.000180446
1008 0.000180446
1009 0.000180446
1010 0.000180446
1011 0.000180446
1012 0.000169665
1013 0.000182509
1014 0.000182509
1015 0.000182509
1016 0.00018776
1017 0.00018776
1018 0.000169665
1019 0.000169665
1020 0.000205855
1021 0.000172108
1022 0.000166856
1023 0.000166856
1024 0.000172108
1025 0.000166856
1026 0.000166856
1027 0.000166856
1028 0.000166856
1029 0.000166856
1030 0.000166856
1031 0.000166856
1032 0.000166856
1033 0.000166856
1034 0.000166856
1035 0.000172108
1036 0.000172108
1037 0.000166856
1038 0.000172108
1039 0.000166856
1040 0.000166856
1041 0.000172108
1042 0.000172108
1043 0.000166856
1044 0.000166856
1045 0.000166856
1046 0.000166856
1047 0.000172108
1048 0.000166856
1049 0.000166856
1050 0.000166856
1051 0.000166856
1052 0.000172108
1053 0.000166856
1054 0.000166856
1055 0.000172108
1056 0.000172108
1057 0.000166856
1058 0.000166856
1059 0.000166856
1060 0.000166856
1061 0.000166856
1062 0.000166856
1063 0.000166856
1064 0.000166856
1065 0.000166856
1066 0.000166856
1067 0.000172108
1068 0.000166856
1069 0.000166856
1070 0.000166856
1071 0.000166856
1072 0.000166856
1073 0.000166856
1074 0.000172108
1075 0.000172108
1076 0.000172108
1077 0.000166856
1078 0.000172108
1079 0.000176737
1080 0.000166856
1081 0.000166856
1082 0.000166856
1083 0.000166856
1084 0.000166856
1085 0.000166856
1086 0.000166856
1087 0.000167112
1088 0.000167112
1089 0.000172511
1090 0.000169812
1091 0.000169812
1092 0.000169812
1093 0.000167112
1094 0.000167112
1095 0.000169812
1096 0.000172511
1097 0.000167112
1098 0.000167112
1099 0.000167112
1100 0.000167112
1101 0.000167112
1102 0.000167112
1103 0.000167112
1104 0.000167112
1105 0.000167112
1106 0.000167112
1107 0.000167112
1108 0.000167112
1109 0.000167112
1110 0.000167112
1111 0.000167112
1112 0.000167112
1113 0.000167112
1114 0.000167112
1115 0.000167112
1116 0.000171442
1117 0.000167112
1118 0.000167112
1119 0.000167112
1120 0.000167112
1121 0.000209449
1122 0.000167112
1123 0.000167112
1124 0.000167112
1125 0.000167112
1126 0.000167112
1127 0.000167112
1128 0.000209449
1129 0.000167112
1130 0.000167112
1131 0.000175772
1132 0.000167112
1133 0.000167112
1134 0.000171442
1135 0.000171442
1136 0.000167112
1137 0.000171442
1138 0.000182391
1139 0.000167112
1140 0.000171442
1141 0.000167112
1142 0.000167112
1143 0.000171442
1144 0.000167112
1145 0.000171442
1146 0.000167112
1147 0.000167112
1148 0.000167112
1149 0.000167112
1150 0.000171442
1151 0.000167112
1152 0.000167112
1153 0.000167112
1154 0.000167112
1155 0.000167112
1156 0.000167112
1157 0.000167112
1158 0.000167112
1159 0.000167112
1160 0.000167112
1161 0.000167112
1162 0.000167112
1163 0.000167112
1164 0.000167112
1165 0.000167112
1166 0.000167112
1167 0.000168743
1168 0.000168743
1169 0.000168743
1170 0.000168743
1171 0.000168908
1172 0.000168908
1173 0.000168908
1174 0.000171344
1175 0.000168908
1176 0.000171344
1177 0.000171344
1178 0.000171344
1179 0.000168908
1180 0.000217382
1181 0.000168908
1182 0.000214946
1183 0.000168908
1184 0.000168908
1185 0.000168908
1186 0.000171344
1187 0.000168908
1188 0.000171344
1189 0.000168908
1190 0.000168908
1191 0.000171344
1192 0.000168908
1193 0.000260985
1194 0.000168908
1195 0.000171344
1196 0.000168908
1197 0.000168908
1198 0.000171344
1199 0.000171344
1200 0.000168908
1201 0.000168908
1202 0.000171344
1203 0.000168908
1204 0.000171344
1205 0.000168908
1206 0.000171344
1207 0.000168908
1208 0.000168908
1209 0.000168908
1210 0.000171344
1211 0.000168908
1212 0.000171344
1213 0.000171344
1214 0.000168908
1215 0.000171344
1216 0.000168908
1217 0.000171344
1218 0.000168908
1219 0.000168908
1220 0.000171344
1221 0.000168908
1222 0.000171344
1223 0.000168908
1224 0.000171344
1225 0.000171344
1226 0.000168908
1227 0.000171344
1228 0.000168908
1229 0.000171344
1230 0.000168908
1231 0.000171344
1232 0.000168908
1233 0.000168908
1234 0.000168908
1235 0.000168908
1236 0.000168908
1237 0.000171344
1238 0.000171344
1239 0.000168908
1240 0.000171344
1241 0.000168908
1242 0.000205855
1243 0.000169665
1244 0.000200604
1245 0.000185065
1246 0.000169665
1247 0.000169665
1248 0.000169665
1249 0.000169665
1250 0.000169665
1251 0.000169665
1252 0.000169665
1253 0.000169665
1254 0.000169665
1255 0.000169665
1256 0.000169665
1257 0.000169665
1258 0.000169665
1259 0.000169665
1260 0.000169665
1261 0.000169665
1262 0.000169665
1263 0.000169665
1264 0.000169665
1265 0.000169665
1266 0.000169665
1267 0.000169665
1268 0.000169665
1269 0.000169665
1270 0.000169665
1271 0.000169665
1272 0.000169665
1273 0.000169665
1274 0.000169665
1275 0.000169665
1276 0.000169665
1277 0.000169665
1278 0.00018776
1279 0.000244576
1280 0.000244576
1281 0.000216707
1282 0.000216707
1283 0.000216707
1284 0.000216707
1285 0.000193011
1286 0.000219361
1287 0.000219361
1288 0.000193011
1289 0.000182729
1290 0.000205674
1291 0.000182729
1292 0.000182729
1293 0.000182729
1294 0.000182729
1295 0.000169665
1296 0.000182509
1297 0.00026014
1298 0.000182509
1299 0.000169665
1300 0.000205855
1301 0.000169042
1302 0.000169042
1303 0.000169042
1304 0.000169042
1305 0.000169042
1306 0.000169042
1307 0.000169042
1308 0.000169042
1309 0.000169042
1310 0.000169042
1311 0.000169042
1312 0.000174294
1313 0.000169042
1314 0.000169042
1315 0.000169042
1316 0.000169042
1317 0.000169042
1318 0.000169042
1319 0.000169042
1320 0.000169042
1321 0.000169042
1322 0.000169042
1323 0.000169042
1324 0.000169042
1325 0.000169042
1326 0.000169042
1327 0.000169042
1328 0.000169042
1329 0.000169042
1330 0.000169042
1331 0.000169042
1332 0.000169042
1333 0.000169042
1334 0.000169042
1335 0.000169042
1336 0.000169042
1337 0.000169665
1338 0.000200604
1339 0.000169665
1340 0.000169665
1341 0.000169665
1342 0.000169665
1343 0.000169665
1344 0.000169665
1345 0.000169665
1346 0.000169665
1347 0.000169665
1348 0.000169665
1349 0.000169665
1350 0.000169665
1351 0.000169665
1352 0.000169665
1353 0.000169665
1354 0.000169665
1355 0.000169665
1356 0.000169665
1357 0.000169665
1358 0.000169665
1359 0.000169665
1360 0.000169665
1361 0.000169665
1362 0.000169665
1363 0.000169665
1364 0.000169665
1365 0.000169665
1366 0.000169665
1367 0.000169665
1368 0.000169665
1369 0.000169665
1370 0.000169665
1371 0.000169665
1372 0.000169665
1373 0.000169665
1374 0.000169665
1375 0.000169665
1376 0.000169665
1377 0.000169665
1378 0.000169665
1379 0.000167835
1380 0.000236008
1381 0.000236008
1382 0.000167407
1383 0.00025667
1384 0.000167407
1385 0.000167407
1386 0.000167407
1387 0.000167407
1388 0.000167407
1389 0.000167407
1390 0.00017075
1391 0.000167407
1392 0.000167407
1393 0.000167407
1394 0.000167407
1395 0.00017075
1396 0.000167407
1397 0.000167407
1398 0.000167407
1399 0.000167407
1400 0.000167407
1401 0.000167407
1402 0.000167407
1403 0.000179666
1404 0.000167407
1405 0.000167407
1406 0.000167407
1407 0.000167407
1408 0.000167407
1409 0.00017075
1410 0.000167407
1411 0.000167407
1412 0.000167407
1413 0.000167407
1414 0.00017075
1415 0.00017075
1416 0.000167407
1417 0.000167407
1418 0.00017075
1419 0.00017075
1420 0.00017075
1421 0.00017075
1422 0.00017075
1423 0.00017075
1424 0.000167407
1425 0.000167407
1426 0.000167407
1427 0.000167407
1428 0.000235824
1429 0.000192978
1430 0.000192978
1431 0.000192978
1432 0.000192978
1433 0.000192978
1434 0.000307234
1435 0.00030315
1436 0.00030315
1437 0.000263698
1438 0.000263698
1439 0.000224451
1440 0.000200156
1441 0.000178663
1442 0.000178663
1443 0.000178663
1444 0.000178663
1445 0.000178663
1446 0.000178663
1447 0.000178663
1448 0.000178663
1449 0.000178663
1450 0.000178663
1451 0.000178663
1452 0.000178663
1453 0.000215245
1454 0.000215245
1455 0.000215245
1456 0.000194912
1457 0.000194912
1458 0.000194912
1459 0.000194912
1460 0.000194912
1461 0.000215245
1462 0.000215245
1463 0.000215245
1464 0.000215245
1465 0.000215245
1466 0.000215245
1467 0.00024066
1468 0.00024066
1469 0.000202537
1470 0.000202537
1471 0.000202537
1472 0.000202537
1473 0.000215245
1474 0.000215245
1475 0.000215245
1476 0.000202537
1477 0.000202537
1478 0.000202537
1479 0.000202537
1480 0.000179663
1481 0.000179663
1482 0.000179663
1483 0.000179663
1484 0.000179663
1485 0.000179663
1486 0.000179663
1487 0.000179663
1488 0.000179663
1489 0.000179663
1490 0.000215245
1491 0.000215245
1492 0.000215245
1493 0.000167756
1494 0.000221426
1495 0.000171098
1496 0.000167756
1497 0.000167756
1498 0.000167756
1499 0.000167756
1500 0.000167756
1501 0.000167756
1502 0.000167756
1503 0.000167756
1504 0.000167756
1505 0.000167756
1506 0.000167756
1507 0.000167756
1508 0.000167756
1509 0.000167756
1510 0.000167756
1511 0.000167756
1512 0.000167756
1513 0.000167756
1514 0.000167756
1515 0.000167756
1516 0.000167756
1517 0.000167756
1518 0.000167756
1519 0.000167756
1520 0.000167756
1521 0.000328298
1522 0.000182303
1523 0.000182303
1524 0.000182303
1525 0.000182303
1526 0.000216864
1527 0.000178725
1528 0.000178725
1529 0.000178725
1530 0.000181543
1531 0.000183768
1532 0.000186827
1533 0.000186827
1534 0.000186827
1535 0.00032784
1536 0.00032784
1537 0.00032784
1538 0.000175048
1539 0.000175048
1540 0.000175048
1541 0.000175048
1542 0.000175048
1543 0.000175048
1544 0.000175048
1545 0.000175048
1546 0.000175048
1547 0.000175048
1548 0.000175048
1549 0.000175048
1550 0.000175048
1551 0.000175048
1552 0.000175048
1553 0.000201761
1554 0.000201761
1555 0.000201761
1556 0.000201761
1557 0.00021421
1558 0.00021421
1559 0.00021421
1560 0.000176863
1561 0.000176863
1562 0.000176863
1563 0.000176863
1564 0.000176863
1565 0.000176863
1566 0.000176863
1567 0.000176863
1568 0.000176863
1569 0.000176863
1570 0.000176863
1571 0.000176863
1572 0.000239109
1573 0.000239109
1574 0.00021421
1575 0.00021421
1576 0.00021421
1577 0.00021421
1578 0.00021421
1579 0.00021421
1580 0.000201761
1581 0.000201761
1582 0.000201761
1583 0.000201761
1584 0.00021421
1585 0.00021421
1586 0.00021421
1587 0.00021421
1588 0.00021421
1589 0.00021421
1590 0.00021421
1591 0.00021421
1592 0.00021421
1593 0.000201761
1594 0.000201761
1595 0.000201761
1596 0.000201761
1597 0.00021421
1598 0.00021421
1599 0.00021421
1600 0.000201761
1601 0.000201761
1602 0.000201761
1603 0.000201761
1604 0.000239109
1605 0.000239109
1606 0.000201761
1607 0.000201761
1608 0.000201761
1609 0.000201761
1610 0.000177328
1611 0.000177328
1612 0.000177328
1613 0.000177328
1614 0.000177328
1615 0.000177328
1616 0.000177328
1617 0.000177328
1618 0.000177328
1619 0.000177328
1620 0.000177328
1621 0.000177328
1622 0.000202552
1623 0.000202552
1624 0.000202552
1625 0.000222095
1626 0.000222095
1627 0.000222095
1628 0.000215266
1629 0.000215266
1630 0.000215266
1631 0.000194416
1632 0.000176148
1633 0.00018589
1634 0.00018589
1635 0.000176148
1636 0.00051555
1637 0.000176148
1638 0.000176148
1639 0.00032367
1640 0.000176148
1641 0.000178966
1642 0.000167231
1643 0.000180266
1644 0.000180266
1645 0.000180266
1646 0.000212387
1647 0.000212387
1648 0.000212387
1649 0.000180266
1650 0.000180266
1651 0.000212387
1652 0.000167231
1653 0.000172419
1654 0.000167007
1655 0.000167007
1656 0.000167007
1657 0.000167007
1658 0.000167007
1659 0.000167007
1660 0.000167007
1661 0.000167007
1662 0.000167007
1663 0.000167007
1664 0.000167007
1665 0.000167007
1666 0.000167007
1667 0.000167007
1668 0.000167007
1669 0.000167007
1670 0.000167007
1671 0.000167007
1672 0.000167007
1673 0.000167007
1674 0.000167007
1675 0.000167007
1676 0.000167007
1677 0.000167007
1678 0.000167007
1679 0.000167007
1680 0.00017358
1681 0.000167007
1682 0.00017247
1683 0.000167007
1684 0.000167007
1685 0.000167007
1686 0.000167007
1687 0.00017247
1688 0.00017247
1689 0.00017247
1690 0.000167007
1691 0.00017247
1692 0.000167007
1693 0.000167007
1694 0.000167007
1695 0.000167007
1696 0.000167007
1697 0.00017247
1698 0.000167007
1699 0.000167007
1700 0.00017247
1701 0.00017247
1702 0.000167007
1703 0.000167007
1704 0.000167007
1705 0.000167007
1706 0.000167007
1707 0.000167231
1708 0.000170986
1709 0.000170986
1710 0.000168168
1711 0.000170986
1712 0.000170986
1713 0.000170986
1714 0.000179903
1715 0.000168168
1716 0.000170986
1717 0.000170986
1718 0.000168168
1719 0.000170986
1720 0.000170986
1721 0.000168168
1722 0.000168168
1723 0.000170986
1724 0.000170986
1725 0.000170986
1726 0.000168168
1727 0.000170986
1728 0.000168168
1729 0.000170986
1730 0.000170986
1731 0.000170986
1732 0.000170986
1733 0.000168168
1734 0.000170986
1735 0.000176223
1736 0.000170986
1737 0.000168168
1738 0.000170986
1739 0.000168168
1740 0.000168168
1741 0.000168168
1742 0.000174806
1743 0.000171973
1744 0.000168168
1745 0.000167231
1746 0.00017333
1747 0.00017333
1748 0.00017333
1749 0.00017333
1750 0.00017333
1751 0.00017333
1752 0.000452295
1753 0.000177107
1754 0.000527303
1755 0.000177107
1756 0.000177107
1757 0.000177107
1758 0.000177107
1759 0.000328271
1760 0.000445576
1761 0.000177107
1762 0.000270667
1763 0.00026288
1764 0.000177107
1765 0.000169456
1766 0.000246877
1767 0.000246877
1768 0.000169456
1769 0.000180478
1770 0.000180478
1771 0.000180478
1772 0.000180478
1773 0.000180478
1774 0.000169456
1775 0.000169671
1776 0.000167042
1777 0.000167042
1778 0.000167042
1779 0.000167042
1780 0.000167042
1781 0.000167042
1782 0.000167042
1783 0.000167042
1784 0.000167042
1785 0.000167042
1786 0.000167042
1787 0.000167042
1788 0.000167042
1789 0.000167042
1790 0.000167042
1791 0.000167042
1792 0.000167042
1793 0.000167042
1794 0.000167042
1795 0.000167042
1796 0.000167042
1797 0.000167042
1798 0.000167042
1799 0.000167042
1800 0.000167042
1801 0.000167042
1802 0.000173368
1803 0.000167042
1804 0.000167042
1805 0.000167042
1806 0.000167042
1807 0.000167042
1808 0.000167042
1809 0.000167042
1810 0.000167042
1811 0.000167042
1812 0.000167042
1813 0.000167042
1814 0.000167042
1815 0.000167042
1816 0.000167042
1817 0.000167042
1818 0.000167042
1819 0.000167042
1820 0.000167042
1821 0.000169456
1822 0.000170739
1823 0.000170739
1824 0.000170739
1825 0.000170739
1826 0.000170739
1827 0.000170739
1828 0.000170739
1829 0.000168218
1830 0.000170739
1831 0.000170739
1832 0.000170739
1833 0.000170739
1834 0.000170739
1835 0.000168218
1836 0.000168218
1837 0.000170739
1838 0.000170739
1839 0.000170739
1840 0.000170739
1841 0.000170739
1842 0.000168218
1843 0.000170739
1844 0.000170739
1845 0.000170739
1846 0.000170739
1847 0.000170739
1848 0.000170739
1849 0.000170739
1850 0.000170739
1851 0.000170739
1852 0.000170739
1853 0.000170739
1854 0.000170739
1855 0.000168218
1856 0.000166935
1857 0.000174586
1858 0.000174586
1859 0.000174586
1860 0.000166891
1861 0.000182211
1862 0.000182211
1863 0.000182211
1864 0.000182211
1865 0.000182211
1866 0.000182211
1867 0.000182211
1868 0.000182211
1869 0.00017579
1870 0.000223322
1871 0.00017579
1872 0.000314445
1873 0.00017579
1874 0.00017579
1875 0.00017579
1876 0.00046255
1877 0.000166891
1878 0.000178268
1879 0.000215134
1880 0.000215134
1881 0.000215134
1882 0.000169369
1883 0.00018047
1884 0.00018047
1885 0.00018047
1886 0.00018047
1887 0.00018047
1888 0.000169369
1889 0.000173975
1890 0.000167247
1891 0.000167247
1892 0.000167247
1893 0.000167247
1894 0.000167247
1895 0.000167247
1896 0.000167247
1897 0.000167247
1898 0.000167247
1899 0.000167247
1900 0.000167247
1901 0.000167247
1902 0.000167247
1903 0.000167247
1904 0.000167247
1905 0.000167247
1906 0.000167247
1907 0.000167247
1908 0.000167247
1909 0.000167247
1910 0.000167247
1911 0.000167247
1912 0.000167247
1913 0.000167247
1914 0.000167247
1915 0.000167247
1916 0.000167247
1917 0.000167247
1918 0.000167247
1919 0.000167247
1920 0.000167247
1921 0.000167247
1922 0.000167247
1923 0.000167247
1924 0.000167247
1925 0.000167247
1926 0.000167247
1927 0.000167247
1928 0.000167247
1929 0.000167247
1930 0.000167247
1931 0.000169369
1932 0.000171141
1933 0.000171141
1934 0.000171141
1935 0.000171141
1936 0.000171141
1937 0.000168664
1938 0.000171141
1939 0.000171141
1940 0.000171141
1941 0.000171141
1942 0.000171141
1943 0.000171141
1944 0.000171141
1945 0.000171141
1946 0.000171141
1947 0.000171141
1948 0.000171141
1949 0.000171141
1950 0.000171141
1951 0.000171141
1952 0.000171141
1953 0.000171141
1954 0.000171141
1955 0.000171141
1956 0.000171141
1957 0.000171141
1958 0.000171141
1959 0.000171141
1960 0.000171141
1961 0.000171141
1962 0.000168664
1963 0.000168664
1964 0.000166891
1965 0.000166891
1966 0.000173312
1967 0.000173312
1968 0.000173312
1969 0.000178268
1970 0.00017579
1971 0.000173312
1972 0.000173312
1973 0.000173312
1974 0.000180236
1975 0.000201388
1976 0.000201388
1977 0.000166891
1978 0.000177256
1979 0.000177256
1980 0.000167075
1981 0.000177256
1982 0.000167075
1983 0.000193542
1984 0.000167075
1985 0.000167075
1986 0.000167075
1987 0.000167075
1988 0.000167075
1989 0.000167075
1990 0.000167075
1991 0.000167075
1992 0.000177256
1993 0.000167075
1994 0.000167075
1995 0.000167075
1996 0.000167075
1997 0.000167075
1998 0.000167075
1999 0.000167075
2000 0.000177256
2001 0.000179917
2002 0.000167075
2003 0.000167075
2004 0.000167075
2005 0.000167075
2006 0.000167075
2007 0.000167075
2008 0.000167075
2009 0.000177256
2010 0.000167075
2011 0.000167075
2012 0.000167075
2013 0.000177256
2014 0.000167075
2015 0.000167075
2016 0.000169736
2017 0.000167075
2018 0.000167075
2019 0.000177256
2020 0.000167075
2021 0.000167075
2022 0.000167075
2023 0.000177256
2024 0.000177256
2025 0.000214844
2026 0.000214844
2027 0.0007778
2028 0.00024006
2029 0.000202236
2030 0.000202236
2031 0.000202236
2032 0.000202236
2033 0.000202236
2034 0.000229253
2035 0.000186027
2036 0.000186027
2037 0.000317995
2038 0.000214844
2039 0.000202236
2040 0.000178342
2041 0.000174594
2042 0.000166353
2043 0.000166353
2044 0.000166353
2045 0.000166353
2046 0.000166353
2047 0.000166353
2048 0.000166353
2049 0.000166353
2050 0.000166353
2051 0.000166353
2052 0.000166353
2053 0.000166353
2054 0.000166353
2055 0.000166353
2056 0.000166353
2057 0.000166353
2058 0.000166353
2059 0.000166353
2060 0.000166353
2061 0.000166353
2062 0.000166353
2063 0.000166353
2064 0.000166353
2065 0.000213865
2066 0.000213865
2067 0.000166353
2068 0.000166353
2069 0.000166353
2070 0.000166353
2071 0.000213865
2072 0.000166353
2073 0.000166353
2074 0.000166353
2075 0.000166353
2076 0.000166353
2077 0.000166353
2078 0.000166353
2079 0.000166353
2080 0.000166353
2081 0.000166353
2082 0.000166353
2083 0.000166353
2084 0.000166353
2085 0.000168293
2086 0.000166353
2087 0.000166353
2088 0.000166353
2089 0.000166353
2090 0.000166353
2091 0.000166353
2092 0.000166353
2093 0.000166353
2094 0.000166353
2095 0.000166353
2096 0.000166353
2097 0.000166353
2098 0.000166353
2099 0.000166353
2100 0.000166353
2101 0.000166353
2102 0.000166353
2103 0.000166353
2104 0.000166353
2105 0.000166353
2106 0.000166353
2107 0.000166353
2108 0.00024006
2109 0.00024006
2110 0.000231211
2111 0.000273117
2112 0.000220264
2113 0.000211379
2114 0.000259935
2115 0.000259935
2116 0.000259935
2117 0.000259935
2118 0.000259935
2119 0.000259935
2120 0.000259935
2121 0.00018169
2122 0.000184076
2123 0.000188569
2124 0.000168907
2125 0.000176491
2126 0.000168907
2127 0.000191661
2128 0.000203182
2129 0.000178379
2130 0.000177893
2131 0.000168907
2132 0.000168907
2133 0.000168907
2134 0.000168907
2135 0.000168907
2136 0.000168907
2137 0.000168907
2138 0.000168907
2139 0.000168907
2140 0.0001734
2141 0.000168907
2142 0.000168907
2143 0.000168907
2144 0.000168907
2145 0.000168907
2146 0.000168907
2147 0.000168907
2148 0.000168907
2149 0.000180985
2150 0.000168907
2151 0.000168907
2152 0.000168907
2153 0.000168907
2154 0.000168907
2155 0.000168907
2156 0.000168907
2157 0.000180985
2158 0.000168907
2159 0.000168907
2160 0.000168907
2161 0.000168907
2162 0.000168907
2163 0.0001734
2164 0.000180985
2165 0.000168907
2166 0.000168907
2167 0.000168907
2168 0.000168907
2169 0.000168907
2170 0.000168907
2171 0.000168907
2172 0.000168907
2173 0.000168907
2174 0.000215027
2175 0.000215027
2176 0.000510416
2177 0.00288034
2178 0.000348184
2179 0.000215913
2180 0.000215913
2181 0.000441209
2182 0.000608162
2183 0.000348944
2184 0.000223498
2185 0.000215913
2186 0.000259941
2187 0.000215913
2188 0.000215913
2189 0.000230121
2190 0.000225924
2191 0.000201407
2192 0.000201407
2193 0.000354013
2194 0.000304044
2195 0.00018147
2196 0.000173885
2197 0.000173885
2198 0.000173885
2199 0.000173885
2200 0.000173885
2201 0.000173885
2202 0.00016861
2203 0.00016861
2204 0.00016861
2205 0.00016861
2206 0.00016861
2207 0.00016861
2208 0.00016861
2209 0.00016861
2210 0.00016861
2211 0.00016861
2212 0.000172807
2213 0.000172807
2214 0.000172807
2215 0.000172807
2216 0.00016861
2217 0.000172807
2218 0.00016861
2219 0.00016861
2220 0.000172807
2221 0.00016861
2222 0.000172807
2223 0.000172807
2224 0.00016861
2225 0.00016861
2226 0.000211356
2227 0.000203261
2228 0.000166849
2229 0.000187184
2230 0.000166849
2231 0.000166849
2232 0.000189713
2233 0.000177016
2234 0.000213012
2235 0.000166849
2236 0.000166849
2237 0.000166849
2238 0.000166849
2239 0.000179452
2240 0.000166849
2241 0.000166849
2242 0.000179452
2243 0.000166849
2244 0.000179452
2245 0.000166849
2246 0.000166849
2247 0.000169285
2248 0.000166849
2249 0.000179452
2250 0.000215474
2251 0.000215474
2252 0.000412448
2253 0.000348567
2254 0.000348567
2255 0.000212559
2256 0.000212559
2257 0.000255242
2258 0.00120717
2259 0.000215474
2260 0.000215474
2261 0.000733073
2262 0.000215474
2263 0.000215474
2264 0.000210452
2265 0.00128401
2266 0.000202709
2267 0.000202709
2268 0.00033759
2269 0.000193276
2270 0.000222139
2271 0.000193276
2272 0.000174581
2273 0.000174581
2274 0.000174581
2275 0.000174581
2276 0.000174581
2277 0.000189594
2278 0.000189594
2279 0.000189594
2280 0.000189594
2281 0.000189594
2282 0.000189594
2283 0.000172786
2284 0.000172786
2285 0.000172786
2286 0.000201927
2287 0.000306754
2288 0.000176973
2289 0.000197303
2290 0.000175694
2291 0.000187138
2292 0.00022771
2293 0.000179773
2294 0.000166809
2295 0.000214931
2296 0.000166809
2297 0.000166809
2298 0.000166809
2299 0.000166809
2300 0.000166809
2301 0.000179368
2302 0.000166809
2303 0.000166809
2304 0.000166809
2305 0.000166809
2306 0.000166809
2307 0.000166809
2308 0.000166809
2309 0.000166809
2310 0.000166809
2311 0.000166809
2312 0.000166809
2313 0.000179368
2314 0.000166809
2315 0.000166809
2316 0.000166809
2317 0.000166809
2318 0.000169204
2319 0.000166809
2320 0.000166809
2321 0.000166809
2322 0.000166809
2323 0.000166809
2324 0.000166809
2325 0.000166809
2326 0.000166809
2327 0.000189533
2328 0.000166809
2329 0.000166809
2330 0.000166809
2331 0.000166809
2332 0.000166809
2333 0.000166809
2334 0.000169204
2335 0.000166809
2336 0.000166809
2337 0.000166809
2338 0.000166809
2339 0.000166809
2340 0.000166809
2341 0.000212535
2342 0.000412807
2343 0.00034811
2344 0.00034605
2345 0.000218365
2346 0.000218365
2347 0.000500742
2348 0.000212535
2349 0.000212535
2350 0.00021545
2351 0.00021545
2352 0.00034595
2353 0.000225791
2354 0.000202691
2355 0.000202691
2356 0.000262034
2357 0.000189151
2358 0.000213888
2359 0.000189151
2360 0.000643722
2361 0.000174578
2362 0.000174578
2363 0.000174578
2364 0.000174578
2365 0.000192837
2366 0.000192837
2367 0.000192535
2368 0.000192535
2369 0.000192535
2370 0.000242005
2371 0.000242005
2372 0.000192535
2373 0.000192535
2374 0.000192535
2375 0.000192535
2376 0.000192535
2377 0.000192535
2378 0.000192535
2379 0.000192535
2380 0.000192535
2381 0.000192535
2382 0.000177378
2383 0.000177378
2384 0.000177378
2385 0.000177378
2386 0.000177378
2387 0.000177378
2388 0.000177378
2389 0.000177378
2390 0.000177378
2391 0.000177378
2392 0.000177378
2393 0.000177378
2394 0.000184388
2395 0.000184388
2396 0.000184388
2397 0.000184388
2398 0.000184388
2399 0.000184388
2400 0.000184388
2401 0.000184388
2402 0.000176526
2403 0.000217137
2404 0.000177071
2405 0.000176526
2406 0.000169639
2407 0.000167026
2408 0.000172252
2409 0.000167026
2410 0.000167026
2411 0.000179139
2412 0.000167026
2413 0.000167026
2414 0.000167026
2415 0.000167026
2416 0.000167026
2417 0.000167026
2418 0.000179139
2419 0.000167026
2420 0.000167026
2421 0.000167026
2422 0.000167026
2423 0.000167026
2424 0.000167026
2425 0.000179139
2426 0.000167026
2427 0.000167026
2428 0.000167026
2429 0.000167026
2430 0.000167026
2431 0.000167026
2432 0.000169639
2433 0.000167026
2434 0.000167026
2435 0.000167026
2436 0.000167026
2437 0.000167026
2438 0.000169639
2439 0.000167026
2440 0.000167026
2441 0.000167026
2442 0.000167026
2443 0.000167026
2444 0.000167026
2445 0.000167026
2446 0.000311401
2447 0.000512898
2448 0.000215384
2449 0.000215384
2450 0.000314627
2451 0.000215384
2452 0.000215384
2453 0.000202641
2454 0.000202641
2455 0.000219439
2456 0.000219439
2457 0.000219439
2458 0.000219439
2459 0.000219439
2460 0.000219439
2461 0.000219439
2462 0.000219439
2463 0.000219439
2464 0.000219439
2465 0.000219439
2466 0.000193267
2467 0.00022212
2468 0.000193267
2469 0.000173913
2470 0.000173913
2471 0.000195306
2472 0.000173913
2473 0.000245617
2474 0.00017869
2475 0.00017869
2476 0.00017869
2477 0.00017869
2478 0.00017869
2479 0.00017869
2480 0.00017869
2481 0.00017869
2482 0.00017869
2483 0.00017869
2484 0.00017869
2485 0.00017869
2486 0.00017869
2487 0.000239746
2488 0.000239746
2489 0.000169548
2490 0.000166935
2491 0.000169456
2492 0.000181926
2493 0.00017443
2494 0.000170682
2495 0.000166935
2496 0.000166935
2497 0.000166935
2498 0.000173204
2499 0.000166935
2500 0.000166935
2501 0.000166935
2502 0.000166935
2503 0.000166935
2504 0.000166935
2505 0.000166935
2506 0.000166935
2507 0.000166935
2508 0.000173204
2509 0.000166935
2510 0.000166935
2511 0.000166935
2512 0.000176951
2513 0.000166935
2514 0.000166935
2515 0.000166935
2516 0.000166935
2517 0.000173204
2518 0.000166935
2519 0.000166935
2520 0.000166935
2521 0.000166935
2522 0.000166935
2523 0.000166935
2524 0.000166935
2525 0.000176951
2526 0.000166935
2527 0.000166935
2528 0.000173204
2529 0.000166935
2530 0.000166935
2531 0.000166935
2532 0.000170682
2533 0.000166935
2534 0.000166935
2535 0.000185529
2536 0.000206644
2537 0.000185529
2538 0.000168161
2539 0.000168161
2540 0.000168161
2541 0.000168161
2542 0.000168161
2543 0.000168161
2544 0.000168161
2545 0.000168161
2546 0.000168161
2547 0.000168161
2548 0.000175507
2549 0.000175507
2550 0.000175507
2551 0.000175507
2552 0.000175507
2553 0.000175507
2554 0.000175507
2555 0.000175507
2556 0.000175507
2557 0.000175507
2558 0.000175507
2559 0.000175507
2560 0.000175507
2561 0.000175507
2562 0.000171695
2563 0.000171695
2564 0.000171695
2565 0.000171695
2566 0.000171695
2567 0.000171695
2568 0.000171695
2569 0.000171695
2570 0.000171695
2571 0.000171695
2572 0.000171695
2573 0.000171695
2574 0.000171695
2575 0.000171695
2576 0.000171695
2577 0.000171695
2578 0.000171695
2579 0.000171695
2580 0.000171695
2581 0.000171695
2582 0.000173908
2583 0.000173908
2584 0.000213884
2585 0.000167026
2586 0.000171217
2587 0.000175408
2588 0.000180717
2589 0.000175408
2590 0.000313124
2591 0.000167026
2592 0.000167026
2593 0.000167026
2594 0.000167026
2595 0.00017383
2596 0.000167026
2597 0.000167026
2598 0.000167026
2599 0.000167026
2600 0.000167026
2601 0.000167026
2602 0.000167026
2603 0.000167026
2604 0.000178021
2605 0.000167026
2606 0.000167026
2607 0.000167026
2608 0.000167026
2609 0.00017383
2610 0.000167026
2611 0.000167026
2612 0.000167026
2613 0.000178021
2614 0.000167026
2615 0.000167026
2616 0.000167026
2617 0.000167026
2618 0.000167026
2619 0.000167026
2620 0.000167026
2621 0.000167026
2622 0.00017383
2623 0.000167026
2624 0.000167026
2625 0.000167026
2626 0.000167026
2627 0.00017383
2628 0.000167026
2629 0.000167026
2630 0.000167026
2631 0.000312759
2632 0.000215064
2633 0.000215064
2634 0.000215064
2635 0.000213862
2636 0.000213862
2637 0.000172795
2638 0.000168604
2639 0.000168604
2640 0.000168604
2641 0.000168604
2642 0.000168604
2643 0.000168604
2644 0.000168604
2645 0.000168604
2646 0.000168604
2647 0.000168604
2648 0.000168604
2649 0.000168604
2650 0.000168604
2651 0.000168604
2652 0.000168604
2653 0.000168604
2654 0.000168604
2655 0.000176921
2656 0.000183697
2657 0.000183697
2658 0.000183697
2659 0.000183697
2660 0.000183697
2661 0.000183697
2662 0.000183697
2663 0.000183697
2664 0.00017273
2665 0.00017273
2666 0.00017273
2667 0.00017273
2668 0.00017273
2669 0.00017273
2670 0.00017273
2671 0.00017273
2672 0.00017273
2673 0.00017273
2674 0.00017273
2675 0.00017273
2676 0.00017273
2677 0.00017273
2678 0.00017273
2679 0.00017273
2680 0.00017273
2681 0.000173913
2682 0.000173913
2683 0.000173563
2684 0.000172105
2685 0.000167346
2686 0.000191141
2687 0.000192113
2688 0.000176864
2689 0.000187354
2690 0.000167346
2691 0.000167346
2692 0.000167346
2693 0.000172105
2694 0.000172105
2695 0.000175038
2696 0.000167346
2697 0.000172105
2698 0.000167346
2699 0.000167346
2700 0.000172105
2701 0.000167346
2702 0.000167346
2703 0.000167346
2704 0.000170279
2705 0.000167346
2706 0.000172105
2707 0.000167346
2708 0.000167346
2709 0.000172105
2710 0.000170279
2711 0.000172105
2712 0.000167346
2713 0.000167346
2714 0.000170279
2715 0.000167346
2716 0.000167346
2717 0.000167346
2718 0.000167346
2719 0.000167346
2720 0.000175038
2721 0.000167346
2722 0.000172105
2723 0.000167346
2724 0.000175038
2725 0.000183086
2726 0.000183086
2727 0.000217614
2728 0.000183086
2729 0.000183086
2730 0.000183086
2731 0.000183086
2732 0.000183086
2733 0.000594913
2734 0.000609032
2735 0.000169172
2736 0.00031194
2737 0.000169172
2738 0.000169172
2739 0.000169172
2740 0.000169172
2741 0.000174904
2742 0.000187852
2743 0.000187852
2744 0.000187852
2745 0.000187852
2746 0.000187852
2747 0.000187852
2748 0.000187852
2749 0.000185769
2750 0.000176073
2751 0.000176073
2752 0.000176073
2753 0.000176073
2754 0.000176073
2755 0.000176073
2756 0.000176073
2757 0.000176073
2758 0.000176073
2759 0.000176073
2760 0.000176073
2761 0.000176073
2762 0.000176073
2763 0.000178832
2764 0.000178832
2765 0.000178832
2766 0.000178832
2767 0.000178832
2768 0.000178832
2769 0.000178832
2770 0.000178832
2771 0.000178832
2772 0.000178832
2773 0.000178832
2774 0.000202152
2775 0.000202152
2776 0.000202152
2777 0.000202152
2778 0.000345073
2779 0.000167919
2780 0.00017411
2781 0.00017411
2782 0.000190914
2783 0.000209487
2784 0.00017411
2785 0.00017411
2786 0.000180301
2787 0.00017411
2788 0.000167919
2789 0.000167919
2790 0.000167919
2791 0.000167919
2792 0.000167919
2793 0.000167919
2794 0.000167919
2795 0.000167919
2796 0.00017411
2797 0.00017411
2798 0.000167919
2799 0.000167919
2800 0.00017411
2801 0.000167919
2802 0.000167919
2803 0.000167919
2804 0.000167919
2805 0.000167919
2806 0.000167919
2807 0.000167919
2808 0.00017411
2809 0.000167919
2810 0.000167919
2811 0.000167919
2812 0.000167919
2813 0.00017411
2814 0.000167919
2815 0.000167919
2816 0.000199207
2817 0.000199207
2818 0.000199207
2819 0.000182987
2820 0.000182987
2821 0.000199207
2822 0.000199207
2823 0.000199207
2824 0.000182987
2825 0.000182987
2826 0.000182987
2827 0.000182987
2828 0.000182987
2829 0.000182987
2830 0.000182987
2831 0.000170604
2832 0.000170604
2833 0.000170604
2834 0.000170604
2835 0.000175027
2836 0.000312998
2837 0.000167125
2838 0.000175046
2839 0.000179006
2840 0.000179006
2841 0.000167125
2842 0.000167125
2843 0.000167125
2844 0.000167125
2845 0.000167125
2846 0.000167125
2847 0.000167125
2848 0.000174765
2849 0.000174765
2850 0.000174765
2851 0.000174765
2852 0.000174765
2853 0.000167125
2854 0.000167125
2855 0.000167125
2856 0.000167125
2857 0.000174765
2858 0.000174765
2859 0.000174765
2860 0.000174765
2861 0.000174765
2862 0.000174765
2863 0.000174765
2864 0.000178725
2865 0.000174765
2866 0.000178725
2867 0.000174765
2868 0.000174765
2869 0.000171085
2870 0.000171085
2871 0.000171085
2872 0.000171085
2873 0.000171085
2874 0.000171085
2875 0.000180634
2876 0.000180634
2877 0.000180634
2878 0.000213075
2879 0.000213075
2880 0.000237406
2881 0.000261736
2882 0.000213075
2883 0.000168374
2884 0.000168374
2885 0.000168374
2886 0.000168374
2887 0.000168374
2888 0.000168374
2889 0.000168374
2890 0.000168374
2891 0.000168374
2892 0.000168374
2893 0.000168374
2894 0.000168374
2895 0.000168374
2896 0.000168374
2897 0.000168374
2898 0.000168374
2899 0.000168374
2900 0.000168374
2901 0.000168374
2902 0.000174486
2903 0.000170525
2904 0.000170525
2905 0.000170525
2906 0.000170525
2907 0.000170525
2908 0.000170525
2909 0.000170525
2910 0.000170525
2911 0.000170525
2912 0.000170525
2913 0.000170525
2914 0.000170525
2915 0.000170525
2916 0.000170525
2917 0.000170525
2918 0.000170525
2919 0.000170525
2920 0.000170525
2921 0.000170525
2922 0.000170525
2923 0.000170525
2924 0.000170525
2925 0.000170525
2926 0.000170525
2927 0.000172053
2928 0.000172053
2929 0.000172053
2930 0.000166355
2931 0.000166355
2932 0.000166355
2933 0.000166355
2934 0.000166355
2935 0.000166355
2936 0.000166355
2937 0.000166355
2938 0.000168298
2939 0.000166355
2940 0.000166355
2941 0.000166355
2942 0.000166355
2943 0.000166355
2944 0.000202823
2945 0.000202823
2946 0.000179871
2947 0.000173113
2948 0.000173113
2949 0.000166355
2950 0.000166355
2951 0.000166355
2952 0.000166355
2953 0.000166355
2954 0.000166355
2955 0.000166355
2956 0.000166355
2957 0.000166355
2958 0.000166355
2959 0.000166355
2960 0.000166355
2961 0.000166355
2962 0.000166355
2963 0.000166355
2964 0.000166355
2965 0.000166355
2966 0.000166355
2967 0.000166355
2968 0.000166355
2969 0.000166355
2970 0.000166355
2971 0.000166355
2972 0.000166355
2973 0.000166355
2974 0.000166355
2975 0.000166355
2976 0.000166355
2977 0.000166355
2978 0.000166355
2979 0.000166355
2980 0.000166355
2981 0.000173113
2982 0.000166355
2983 0.000166355
2984 0.000166355
2985 0.000166355
2986 0.000166355
2987 0.000166355
2988 0.000173113
2989 0.000166355
2990 0.000166355
2991 0.000166355
2992 0.000173113
2993 0.000173113
2994 0.000166355
2995 0.000166355
2996 0.000166355
2997 0.000166355
2998 0.000166355
2999 0.000166355
3000 0.000166355
3001 0.000166355
3002 0.000180367
3003 0.000180367
3004 0.000180367
3005 0.000180367
3006 0.000180367
3007 0.000180367
3008 0.000180367
3009 0.000180367
3010 0.000195793
3011 0.000195793
3012 0.000195793
3013 0.000195793
3014 0.000189035
3015 0.000189035
3016 0.000189035
3017 0.000189035
3018 0.000669232
3019 0.000228045
3020 0.000195122
3021 0.000214627
3022 0.000195122
3023 0.000195122
3024 0.000171171
3025 0.000171171
3026 0.000171171
3027 0.000171171
3028 0.000171171
3029 0.000171171
3030 0.000171171
3031 0.000171171
3032 0.000171171
3033 0.000184352
3034 0.000196349
3035 0.000180381
3036 0.000180381
3037 0.000173077
3038 0.000169162
3039 0.000167177
3040 0.000167177
3041 0.000167177
3042 0.000167177
3043 0.000167177
3044 0.000176122
3045 0.000169162
3046 0.000169162
3047 0.000169162
3048 0.000169162
3049 0.000169162
3050 0.000179062
3051 0.000167177
3052 0.000169162
3053 0.000179062
3054 0.000188027
3055 0.00018905
3056 0.000188027
3057 0.000167177
3058 0.000167177
3059 0.000167177
3060 0.000179062
3061 0.000179062
3062 0.000179062
3063 0.000167177
3064 0.000167177
3065 0.000167177
3066 0.000167177
3067 0.000167177
3068 0.000167177
3069 0.000167177
3070 0.000167177
3071 0.000167177
3072 0.000167177
3073 0.000167177
3074 0.000167177
3075 0.000167177
3076 0.000167177
3077 0.000167177
3078 0.000167177
3079 0.000167177
3080 0.000167177
3081 0.000167177
3082 0.000167177
3083 0.000167177
3084 0.000167177
3085 0.000167177
3086 0.000193266
3087 0.000176299
3088 0.000176299
3089 0.000176299
3090 0.000211954
3091 0.000211954
3092 0.000211954
3093 0.000169941
3094 0.000179607
3095 0.000179607
3096 0.000169941
3097 0.000169941
3098 0.000179607
3099 0.000194107
3100 0.000169941
3101 0.000183751
3102 0.000174084
3103 0.000174084
3104 0.000174084
3105 0.000174084
3106 0.000174084
3107 0.000174084
3108 0.000174084
3109 0.000174084
3110 0.000174084
3111 0.000174084
3112 0.000174084
3113 0.000174084
3114 0.000174084
3115 0.000174084
3116 0.000174084
3117 0.000174084
3118 0.000198247
3119 0.000177378
3120 0.000177378
3121 0.00017408
3122 0.00017408
3123 0.000198247
3124 0.00017408
3125 0.000198247
3126 0.00017408
3127 0.000198247
3128 0.000198247
3129 0.000198283
3130 0.000198283
3131 0.000198283
3132 0.000232152
3133 0.000198283
3134 0.000198283
3135 0.000198283
3136 0.000198283
3137 0.000167712
3138 0.000167712
3139 0.000167712
3140 0.000167712
3141 0.000167712
3142 0.000167712
3143 0.000167712
3144 0.000167712
3145 0.000167712
3146 0.000167712
3147 0.000167712
3148 0.000167712
3149 0.000167712
3150 0.000167712
3151 0.000167712
3152 0.000167712
3153 0.000167712
3154 0.000167712
3155 0.000167712
3156 0.000167712
3157 0.000167712
3158 0.000167712
3159 0.000167712
3160 0.000167712
3161 0.000167712
3162 0.000167712
3163 0.000167712
3164 0.000167712
3165 0.000167712
3166 0.000167712
3167 0.000167712
3168 0.000167712
3169 0.000167712
3170 0.000167712
3171 0.000167712
3172 0.000167712
3173 0.000167712
3174 0.000167712
3175 0.000167712
3176 0.000167712
3177 0.000167712
3178 0.000167712
3179 0.000167712
3180 0.000167712
3181 0.000167712
3182 0.000167712
3183 0.000167712
3184 0.000167712
3185 0.000167712
3186 0.000167712
3187 0.000167712
3188 0.000167712
3189 0.000167712
3190 0.000167712
3191 0.000167712
3192 0.000167712
3193 0.000167712
3194 0.000167712
3195 0.000167712
3196 0.000167712
3197 0.000167712
3198 0.000167712
3199 0.000167712
3200 0.000167712
3201 0.000167712
3202 0.000167712
3203 0.000167712
3204 0.000167712
3205 0.000167712
3206 0.000167712
3207 0.000167712
3208 0.000167712
3209 0.000167712
3210 0.000167712
3211 0.000167712
3212 0.000167712
3213 0.000167712
3214 0.000167712
3215 0.000167712
3216 0.000167712
3217 0.000167712
3218 0.000167712
3219 0.000167712
3220 0.000253196
3221 0.000215518
3222 0.000198283
3223 0.000266021
3224 0.00020675
3225 0.00017651
3226 0.00017651
3227 0.00017651
3228 0.00017651
3229 0.00017651
3230 0.00017651
3231 0.000188606
3232 0.000188606
3233 0.000188606
3234 0.00017651
3235 0.00017651
3236 0.000197571
3237 0.000197571
3238 0.000169941
3239 0.000190655
3240 0.000183123
3241 0.000211369
3242 0.000175468
3243 0.000180995
3244 0.000169941
3245 0.000180995
3246 0.000169941
3247 0.000169941
3248 0.000175468
3249 0.000196182
3250 0.000196182
3251 0.000241668
3252 0.000521068
3253 0.000241668
3254 0.000185807
3255 0.000185807
3256 0.000185807
3257 0.000185128
3258 0.000184765
3259 0.000184765
3260 0.000184765
3261 0.000184765
3262 0.000184765
3263 0.000184765
3264 0.000186993
3265 0.000175703
3266 0.000175703
3267 0.000175703
3268 0.000186993
3269 0.000175703
3270 0.000175703
3271 0.000175703
3272 0.000175703
3273 0.000175703
3274 0.000175703
3275 0.000175703
3276 0.000177595
3277 0.000187953
3278 0.000187953
3279 0.000194832
3280 0.000187953
3281 0.000187953
3282 0.000187953
3283 0.000236269
3284 0.000172867
3285 0.00016864
3286 0.00016864
3287 0.00016864
3288 0.00016864
3289 0.00016864
3290 0.00016864
3291 0.00016864
3292 0.00016864
3293 0.00016864
3294 0.00016864
3295 0.00016864
3296 0.00016864
3297 0.00016864
3298 0.000172867
3299 0.00016864
3300 0.00016864
3301 0.00016864
3302 0.00016864
3303 0.00016864
3304 0.00016864
3305 0.00016864
3306 0.000198228
3307 0.000167835
3308 0.000167835
3309 0.000167835
3310 0.000167835
3311 0.000171257
3312 0.000167835
3313 0.000167835
3314 0.000167835
3315 0.000167835
3316 0.000167835
3317 0.000167835
3318 0.000167835
3319 0.000167835
3320 0.000167835
3321 0.000167835
3322 0.000167835
3323 0.000167835
3324 0.000167835
3325 0.000167835
3326 0.000167835
3327 0.000167835
3328 0.000167835
3329 0.000167835
3330 0.000167835
3331 0.000167835
3332 0.000167835
3333 0.000167835
3334 0.000167835
3335 0.000167835
3336 0.000167835
3337 0.000167835
3338 0.000167835
3339 0.000167835
3340 0.000167835
3341 0.000167835
3342 0.000167835
3343 0.000167835
3344 0.000167231
3345 0.000171102
3346 0.000167231
3347 0.000167231
3348 0.000167231
3349 0.000167231
3350 0.000167231
3351 0.000167231
3352 0.000166935
3353 0.000166891
3354 0.000185209
3355 0.000503448
3356 0.000761466
3357 0.000761466
3358 0.0002355
3359 0.0002355
3360 0.0002355
3361 0.0002355
3362 0.0002355
3363 0.000359542
3364 0.0002355
3365 0.0002355
3366 0.0002355
3367 0.0002355
3368 0.000431517
3369 0.000263965
3370 0.000355882
3371 0.00034477
3372 0.000373835
3373 0.000373835
3374 0.000373835
3375 0.000373835
3376 0.0001928
3377 0.0001928
3378 0.0001928
3379 0.0001928
3380 0.0001928
3381 0.000221186
3382 0.0001928
3383 0.0001928
3384 0.000345449
3385 0.000345449
3386 0.000345449
3387 0.000171338
3388 0.000171338
3389 0.000241926
3390 0.000171338
3391 0.000171338
3392 0.000171338
3393 0.000171338
3394 0.000171338
3395 0.000171338
3396 0.000171338
3397 0.000171338
3398 0.000171338
3399 0.000171338
3400 0.000171338
3401 0.000171338
3402 0.000171338
3403 0.000193618
3404 0.000172173
3405 0.000172173
3406 0.000172173
3407 0.000172173
3408 0.000172173
3409 0.000172173
3410 0.000172173
3411 0.000172173
3412 0.000172173
3413 0.000172173
3414 0.000172173
3415 0.000172173
3416 0.000172173
3417 0.000172173
3418 0.000172173
3419 0.000172173
3420 0.000172173
3421 0.000172173
3422 0.000172173
3423 0.000172173
3424 0.000172173
3425 0.000172173
3426 0.000172173
3427 0.000172173
3428 0.000172173
3429 0.000172173
3430 0.000172173
3431 0.000172173
3432 0.000172173
3433 0.000172173
3434 0.000172173
3435 0.000172173
3436 0.000172173
3437 0.000172173
3438 0.000172173
3439 0.000172173
3440 0.000172173
3441 0.000172173
3442 0.000172173
3443 0.000172173
3444 0.000172173
3445 0.000179016
3446 0.000179016
3447 0.000179016
3448 0.000179016
3449 0.000179016
3450 0.000193618
3451 0.000179016
3452 0.000179016
3453 0.000179016
3454 0.000179016
3455 0.000179016
3456 0.000179016
3457 0.000179016
3458 0.000179016
3459 0.000179016
3460 0.000179016
3461 0.000179016
3462 0.000173572
3463 0.000246842
3464 0.000173572
3465 0.000173572
3466 0.000173572
3467 0.000173572
3468 0.000173572
3469 0.000215191
3470 0.000173572
3471 0.000173572
3472 0.000178566
3473 0.000173572
3474 0.000173572
3475 0.000173572
3476 0.000173572
3477 0.000202495
3478 0.000173572
3479 0.000208866
3480 0.000208866
3481 0.000208866
3482 0.000208866
3483 0.000208866
3484 0.000208866
3485 0.000208866
3486 0.000208866
3487 0.000208866
3488 0.000542946
3489 0.00022651
3490 0.000285586
3491 0.00020702
3492 0.000199471
3493 0.000655894
3494 0.000173738
3495 0.000190146
3496 0.000994789
3497 0.000190146
3498 0.000548441
3499 0.000190146
3500 0.000655196
3501 0.000173738
3502 0.000269134
3503 0.00031395
3504 0.000426212
3505 0.000180822
3506 0.000180822
3507 0.000180822
3508 0.000180822
3509 0.000180822
3510 0.000180822
3511 0.000204047
3512 0.000221956
3513 0.000249569
3514 0.000175706
3515 0.000175706
3516 0.000227515
3517 0.00017022
3518 0.00017022
3519 0.00017022
3520 0.00017022
3521 0.00017022
3522 0.00017022
3523 0.00017022
3524 0.00017022
3525 0.00017022
3526 0.00017022
3527 0.00017022
3528 0.00017022
3529 0.00017022
3530 0.00017022
3531 0.00017022
3532 0.00017022
3533 0.00017022
3534 0.00017022
3535 0.00017022
3536 0.00017022
3537 0.00017022
3538 0.00017022
3539 0.00017022
3540 0.00017022
3541 0.00017022
3542 0.000251029
3543 0.000171393
3544 0.000216338
3545 0.000166399
3546 0.000166399
3547 0.000171393
3548 0.000166399
3549 0.000166399
3550 0.000166399
3551 0.000166399
3552 0.000166399
3553 0.000166399
3554 0.000166399
3555 0.000166399
3556 0.000166399
3557 0.000166399
3558 0.000166399
3559 0.000166399
3560 0.000166399
3561 0.000166399
3562 0.000166399
3563 0.000166399
3564 0.000166399
3565 0.000166399
3566 0.000166399
3567 0.000166399
3568 0.000166399
3569 0.000171393
3570 0.000166399
3571 0.000171393
3572 0.000166399
3573 0.000166399
3574 0.000166399
3575 0.000166399
3576 0.000166399
3577 0.000166399
3578 0.000166399
3579 0.000166399
3580 0.000166399
3581 0.000166399
3582 0.000166399
3583 0.000166399
3584 0.000166399
3585 0.000166399
3586 0.000166399
3587 0.000254595
3588 0.000166399
3589 0.000166399
3590 0.000166399
3591 0.000166399
3592 0.000166399
3593 0.000166399
3594 0.000166399
3595 0.000166399
3596 0.000166399
3597 0.000166399
3598 0.000166399
3599 0.000171393
3600 0.000166399
3601 0.000166399
3602 0.000166399
3603 0.000166399
3604 0.000166399
3605 0.000166399
3606 0.000166399
3607 0.000166399
3608 0.000166399
3609 0.000166399
3610 0.000166399
3611 0.000166399
3612 0.000166399
3613 0.000166399
3614 0.000203873
3615 0.000176367
3616 0.000176367
3617 0.000192252
3618 0.000171373
3619 0.000171373
3620 0.000171373
3621 0.000171373
3622 0.000171373
3623 0.000192252
3624 0.000171373
3625 0.000171373
3626 0.000171373
3627 0.000171373
3628 0.000171373
3629 0.000247538
3630 0.000247538
3631 0.000226992
3632 0.000482729
3633 0.000639559
3634 0.000225504
3635 0.000225504
3636 0.000225504
3637 0.000225504
3638 0.000340527
3639 0.000609191
3640 0.00025712
3641 0.00025712
3642 0.000189954
3643 0.000244897
3644 0.000244897
3645 0.000169407
3646 0.000169407
3647 0.000169407
3648 0.000169407
3649 0.000169407
3650 0.000169407
3651 0.000169407
3652 0.000169407
3653 0.000169407
3654 0.000169407
3655 0.000503448
3656 0.000503448
3657 0.000503448
3658 0.000503448
3659 0.000503448
3660 0.000503448
3661 0.000503448
3662 0.000503448
3663 0.000503448
3664 0.000503448
3665 0.000503448
3666 0.000503448
3667 0.000503448
3668 0.000503448
3669 0.000503448
3670 0.000503448
3671 0.000503448
3672 0.000503448
3673 0.000503448
3674 0.000182533
3675 0.000331965
3676 0.000357621
3677 0.000337006
3678 0.000337006
3679 0.000503448
3680 0.000169455
3681 0.000169455
3682 0.000169455
3683 0.000169455
3684 0.000169455
3685 0.000169455
3686 0.000181626
3687 0.000181626
3688 0.000175488
3689 0.000175488
3690 0.000181579
3691 0.000169455
3692 0.000169455
3693 0.000172108
3694 0.000172108
3695 0.000169033
3696 0.000167237
3697 0.000169033
3698 0.000169033
3699 0.000169033
3700 0.000167237
3701 0.000167237
3702 0.000169033
3703 0.000167237
3704 0.000167237
3705 0.000167237
3706 0.000167237
3707 0.000169033
3708 0.000167237
3709 0.000167237
3710 0.000169033
3711 0.000169033
3712 0.000169033
3713 0.000169033
3714 0.000167237
3715 0.000167237
3716 0.000169033
3717 0.000169033
3718 0.000167237
3719 0.000167237
3720 0.000169033
3721 0.000169033
3722 0.000169033
3723 0.000167237
3724 0.000167237
3725 0.000169033
3726 0.000167237
3727 0.000169033
3728 0.000167237
3729 0.000167237
3730 0.000167237
3731 0.000167237
3732 0.000167237
3733 0.000167237
3734 0.000171059
3735 0.000171059
3736 0.000177704
3737 0.000171059
3738 0.000171059
3739 0.000171059
3740 0.000171059
3741 0.000187046
3742 0.000194162
3743 0.000175781
3744 0.000175781
3745 0.000175781
3746 0.000175781
3747 0.000168665
3748 0.000168665
3749 0.000168665
3750 0.000168665
3751 0.000168665
3752 0.000168665
3753 0.000168665
3754 0.000168665
3755 0.000168665
3756 0.000168665
3757 0.000168665
3758 0.000168665
3759 0.000168665
3760 0.000168665
3761 0.000168665
3762 0.000168665
3763 0.000168665
3764 0.000168665
3765 0.000168665
3766 0.000168665
3767 0.000168665
3768 0.000179369
3769 0.000176342
3770 0.000176342
3771 0.000197749
3772 0.000187046
3773 0.000176342
3774 0.000490853
3775 0.000182794
3776 0.000182794
3777 0.000179207
3778 0.00017209
3779 0.00017209
3780 0.00017209
3781 0.000189417
3782 0.000175117
3783 0.000175117
3784 0.000183919
3785 0.000183919
3786 0.000175117
3787 0.00017153
3788 0.000200053
3789 0.00017153
3790 0.00017153
3791 0.00017153
3792 0.00017153
3793 0.00017153
3794 0.00018785
3795 0.00018785
3796 0.000229695
3797 0.000180734
3798 0.000180734
3799 0.000180734
3800 0.000180734
3801 0.000180734
3802 0.000180734
3803 0.000180734
3804 0.000180734
3805 0.000180734
3806 0.000180734
3807 0.000180734
3808 0.000180734
3809 0.000180734
3810 0.000180734
3811 0.000180734
3812 0.000342964
3813 0.000220235
3814 0.000208306
3815 0.000208306
3816 0.000208306
3817 0.000208306
3818 0.000208306
3819 0.000167396
3820 0.000167396
3821 0.000167396
3822 0.000167396
3823 0.000167396
3824 0.000167396
3825 0.000167396
3826 0.000167396
3827 0.000167396
3828 0.000167396
3829 0.000167396
3830 0.000167396
3831 0.000167396
3832 0.000167396
3833 0.000167396
3834 0.000167396
3835 0.000167396
3836 0.000167396
3837 0.000167396
3838 0.000167396
3839 0.000167396
3840 0.000167396
3841 0.000167396
3842 0.000167396
3843 0.000167396
3844 0.000167396
3845 0.000167396
3846 0.000167396
3847 0.000167396
3848 0.000167396
3849 0.000167396
3850 0.000167396
3851 0.000167396
3852 0.000167396
3853 0.000167396
3854 0.000167396
3855 0.000167396
3856 0.000167396
3857 0.000167396
3858 0.000167396
3859 0.000167396
3860 0.000167396
3861 0.000167396
3862 0.000167396
3863 0.000167396
3864 0.000167396
3865 0.000167396
3866 0.000167396
3867 0.000167396
3868 0.000167396
3869 0.000167396
3870 0.000167396
3871 0.000167396
3872 0.000167396
3873 0.000167396
3874 0.000167396
3875 0.000167396
3876 0.000167396
3877 0.000175117
3878 0.000175117
3879 0.000175117
3880 0.000175117
3881 0.000175117
3882 0.000175117
3883 0.000175117
3884 0.000175117
3885 0.000175117
3886 0.000170505
3887 0.000170505
3888 0.000170505
3889 0.000170505
3890 0.000180896
3891 0.000173391
3892 0.000166209
3893 0.000166209
3894 0.000166209
3895 0.000166209
3896 0.000166209
3897 0.000166209
3898 0.000166209
3899 0.000166209
3900 0.000166209
3901 0.000166209
3902 0.000166209
3903 0.000166209
3904 0.000166209
3905 0.000166209
3906 0.000166209
3907 0.000166209
3908 0.000166209
3909 0.000166209
3910 0.00017008
3911 0.000166209
3912 0.000166209
3913 0.000166209
3914 0.000166209
3915 0.000166209
3916 0.000166209
3917 0.000166209
3918 0.000166209
3919 0.000166209
3920 0.000166209
3921 0.000166209
3922 0.000166209
3923 0.000166209
3924 0.000166209
3925 0.000166209
3926 0.000166209
3927 0.000166209
3928 0.000166209
3929 0.000166209
3930 0.000166209
3931 0.000166209
3932 0.000166209
3933 0.000166209
3934 0.000166209
3935 0.000166209
3936 0.000166209
3937 0.000166209
3938 0.000166209
3939 0.000166209
3940 0.000166209
3941 0.000166209
3942 0.000166209
3943 0.000170505
3944 0.00025633
3945 0.000370555
3946 0.000199305
3947 0.00025633
3948 0.000180072
3949 0.000180753
3950 0.00018268
3951 0.000173547
3952 0.00025633
3953 0.000262855
3954 0.00025633
3955 0.00025633
3956 0.00026938
3957 0.00025633
3958 0.00025633
3959 0.00025633
3960 0.00025633
3961 0.000173547
3962 0.000173547
3963 0.000173547
3964 0.000173547
3965 0.000173547
3966 0.000180902
3967 0.000174377
3968 0.000187847
3969 0.000177339
3970 0.000177339
3971 0.000170814
3972 0.000177339
3973 0.000170814
3974 0.000177339
3975 0.000170814
3976 0.000177339
3977 0.000170814
3978 0.000177339
3979 0.000177339
3980 0.000177339
3981 0.000170814
3982 0.000177339
3983 0.000177339
3984 0.000170814
3985 0.000177339
3986 0.000166424
3987 0.000166424
3988 0.000166424
3989 0.000168436
3990 0.000166424
3991 0.000166424
3992 0.000166424
3993 0.000166424
3994 0.000166424
3995 0.000166424
3996 0.000166424
3997 0.000166424
3998 0.000166424
3999 0.000166424
4000 0.000166424
4001 0.000166424
4002 0.000166424
4003 0.00017295
4004 0.000166424
4005 0.000166424
4006 0.000166424
4007 0.000166424
4008 0.000166424
4009 0.000171405
4010 0.000171405
4011 0.000171405
4012 0.000166424
4013 0.000166424
4014 0.000166424
4015 0.000166424
4016 0.000166424
4017 0.000166424
4018 0.000166424
4019 0.000166424
4020 0.000166424
4021 0.00017295
4022 0.000166424
4023 0.000171405
4024 0.00017835
4025 0.000166424
4026 0.000166424
4027 0.000166424
4028 0.000166424
4029 0.000166424
4030 0.000166424
4031 0.000166424
4032 0.000166424
4033 0.000166424
4034 0.000166424
4035 0.000166424
4036 0.000166424
4037 0.000166424
4038 0.000166424
4039 0.000166424
4040 0.000166424
4041 0.000171405
4042 0.000171405
4043 0.000166424
4044 0.000166424
4045 0.000166424
4046 0.000166424
4047 0.000166424
4048 0.000166424
4049 0.000166424
4050 0.000166424
4051 0.000166424
4052 0.000166424
4053 0.000166424
4054 0.000166424
4055 0.000166424
4056 0.00017295
4057 0.00017295
4058 0.000166424
4059 0.000166424
4060 0.000166424
4061 0.000166424
4062 0.000166424
4063 0.000166424
4064 0.000166424
4065 0.000166424
4066 0.000166424
4067 0.000166424
4068 0.000166424
4069 0.000166424
4070 0.000166424
4071 0.000166424
4072 0.000166424
4073 0.000170939
4074 0.000170939
4075 0.000170939
4076 0.000170939
4077 0.000170939
4078 0.000170939
4079 0.000170939
4080 0.000170939
4081 0.000170939
4082 0.000170939
4083 0.000170939
4084 0.000170939
4085 0.000170939
4086 0.000170939
4087 0.000170939
4088 0.000170939
4089 0.00017162
4090 0.000178826
4091 0.000169394
4092 0.000169394
4093 0.000179355
4094 0.00017198
4095 0.000171292
4096 0.000171292
4097 0.000306385
4098 0.000306385
4099 0.000231628
4100 0.000242103
4101 0.000188686
4102 0.000221154
4103 0.000221154
4104 0.000221154
4105 0.000221154
4106 0.000221154
4107 0.000174888
4108 0.000174888
4109 0.000174888
4110 0.000174888
4111 0.000185363
4112 0.000174888
4113 0.000174888
4114 0.000174888
4115 0.000174888
4116 0.000174888
4117 0.000174888
4118 0.000174888
4119 0.000171875
4120 0.000177233
4121 0.000171875
4122 0.000171875
4123 0.00393843
4124 0.000177127
4125 0.000202203
4126 0.000268579
4127 0.000337151
4128 0.00017077
4129 0.000193554
4130 0.000193554
4131 0.00017077
4132 0.000193554
4133 0.000193554
4134 0.000247067
4135 0.00017077
4136 0.000172108
4137 0.000172108
4138 0.000172108
4139 0.000177151
4140 0.000170505
4141 0.000169455
4142 0.000169455
4143 0.000169455
4144 0.000169455
4145 0.000169455
4146 0.000503448
4147 0.00017077
4148 0.00017077
4149 0.00017077
4150 0.00017077
4151 0.00017077
4152 0.00017077
4153 0.00017077
4154 0.00017077
4155 0.00017077
4156 0.00017077
4157 0.000191698
4158 0.000189377
4159 0.00023824
4160 0.00019382
4161 0.00019382
4162 0.000176659
4163 0.00022909
4164 0.000182975
4165 0.00021857
4166 0.000181574
4167 0.000181574
4168 0.000181574
4169 0.000181118
4170 0.000178145
4171 0.000178145
4172 0.000178145
4173 0.000178145
4174 0.000178145
4175 0.000178145
4176 0.000189377
4177 0.0001659
4178 0.0001659
4179 0.0001659
4180 0.0001659
4181 0.0001659
4182 0.0001659
4183 0.0001659
4184 0.0001659
4185 0.0001659
4186 0.0001659
4187 0.0001659
4188 0.0001659
4189 0.0001659
4190 0.0001659
4191 0.0001659
4192 0.0001659
4193 0.0001659
4194 0.0001659
4195 0.0001659
4196 0.0001659
4197 0.0001659
4198 0.0001659
4199 0.0001659
4200 0.0001659
4201 0.0001659
4202 0.0001659
4203 0.0001659
4204 0.0001659
4205 0.0001659
4206 0.0001659
4207 0.0001659
4208 0.0001659
4209 0.0001659
4210 0.0001659
4211 0.0001659
4212 0.0001659
4213 0.0001659
4214 0.0001659
4215 0.0001659
4216 0.0001659
4217 0.0001659
4218 0.0001659
4219 0.0001659
4220 0.0001659
4221 0.0001659
4222 0.0001659
4223 0.0001659
4224 0.0001659
4225 0.0001659
4226 0.0001659
4227 0.0001659
4228 0.0001659
4229 0.0001659
4230 0.0001659
4231 0.0001659
4232 0.0001659
4233 0.0001659
4234 0.0001659
4235 0.0001659
4236 0.0001659
4237 0.0001659
4238 0.0001659
4239 0.0001659
4240 0.0001659
4241 0.0001659
4242 0.0001659
4243 0.0001659
4244 0.0001659
4245 0.0001659
4246 0.0001659
4247 0.0001659
4248 0.0001659
4249 0.0001659
4250 0.0001659
4251 0.0001659
4252 0.0001659
4253 0.0001659
4254 0.0001659
4255 0.000170278
4256 0.0001659
4257 0.000170278
4258 0.000170278
4259 0.000170278
4260 0.0001659
4261 0.000170278
4262 0.0001659
4263 0.0001659
4264 0.000170278
4265 0.0001659
4266 0.0001659
4267 0.0001659
4268 0.000179333
4269 0.000179333
4270 0.000172918
4271 0.000172918
4272 0.000172918
4273 0.000172918
4274 0.000172918
4275 0.000172918
4276 0.000172918
4277 0.000172918
4278 0.000172918
4279 0.000172918
4280 0.000172918
4281 0.000179333
4282 0.000170829
4283 0.000170829
4284 0.000170829
4285 0.000170829
4286 0.000170829
4287 0.000170829
4288 0.000170829
4289 0.000170829
4290 0.000170829
4291 0.000170829
4292 0.000170829
4293 0.000170829
4294 0.000170829
4295 0.000170829
4296 0.000170829
4297 0.000170829
4298 0.00017073
4299 0.00017073
4300 0.00017073
4301 0.00017073
4302 0.00017073
4303 0.00017073
4304 0.00017073
4305 0.00017073
4306 0.00017073
4307 0.00017073
4308 0.00017073
4309 0.00017073
4310 0.00017073
4311 0.00017073
4312 0.00017073
4313 0.00017073
4314 0.00017073
4315 0.00017073
4316 0.00017073
4317 0.00017073
4318 0.00017073
4319 0.00017073
4320 0.00017073
4321 0.00132051
4322 0.0001917
4323 0.000246267
4324 0.000203599
4325 0.0001917
4326 0.000439001
4327 0.0001917
4328 0.0001917
4329 0.0001917
4330 0.0001917
4331 0.0001917
4332 0.0001917
4333 0.000168722
4334 0.000168722
4335 0.000168722
4336 0.000168722
4337 0.000168722
4338 0.000168722
4339 0.000168722
4340 0.000168722
4341 0.000168722
4342 0.000168722
4343 0.000168722
4344 0.000168722
4345 0.000168722
4346 0.000168722
4347 0.000168722
4348 0.000168722
4349 0.000168051
4350 0.000168051
4351 0.000168051
4352 0.000168051
4353 0.000168051
4354 0.000168051
4355 0.000168051
4356 0.000168051
4357 0.000168051
4358 0.000168051
4359 0.000168051
4360 0.000168051
4361 0.000168051
4362 0.000168051
4363 0.000168051
4364 0.000168051
4365 0.000168051
4366 0.000168051
4367 0.000168051
4368 0.000168051
4369 0.000168051
4370 0.000168051
4371 0.000168051
4372 0.000176313
4373 0.00091054
4374 0.000182764
4375 0.000182764
4376 0.000182764
4377 0.000182764
4378 0.000182764
4379 0.000205155
4380 0.000205155
4381 0.000205155
4382 0.000205155
4383 0.000205155
4384 0.000171424
4385 0.000171424
4386 0.000171424
4387 0.000171424
4388 0.000171424
4389 0.000171424
4390 0.000171424
4391 0.000171424
4392 0.000171424
4393 0.000171424
4394 0.000169568
4395 0.000169568
4396 0.000169568
4397 0.000169568
4398 0.000169568
4399 0.000169568
4400 0.000169568
4401 0.000169568
4402 0.000169568
4403 0.000169568
4404 0.000169568
4405 0.000169568
4406 0.000169568
4407 0.000169568
4408 0.000169568
4409 0.000169568
4410 0.000169568
4411 0.000169568
4412 0.000169568
4413 0.000181305
4414 0.000181305
4415 0.00026638
4416 0.000269484
4417 0.000269484
4418 0.000269484
4419 0.00026638
4420 0.000279692
4421 0.00028764
4422 0.00026638
4423 0.000285782
4424 0.00026638
4425 0.00027247
4426 0.00026638
4427 0.00026638
4428 0.00026638
4429 0.00026638
4430 0.00026638
4431 0.000168284
4432 0.000168284
4433 0.000168284
4434 0.000168284
4435 0.000168284
4436 0.000168284
4437 0.000168284
4438 0.000168284
4439 0.000168284
4440 0.000168284
4441 0.000168284
4442 0.000168284
4443 0.000168284
4444 0.000168284
4445 0.000168284
4446 0.000168284
4447 0.000168284
4448 0.000168284
4449 0.000168284
4450 0.000168284
4451 0.000168284
4452 0.000168284
4453 0.000168284
4454 0.000168284
4455 0.000168284
4456 0.000168284
4457 0.000168284
4458 0.000168284
4459 0.000168284
4460 0.000168284
4461 0.000168284
4462 0.000196874
4463 0.000196874
4464 0.000199707
4465 0.000170504
4466 0.000199707
4467 0.000170504
4468 0.000167517
4469 0.000167517
4470 0.000167517
4471 0.000167517
4472 0.000167517
4473 0.000167517
4474 0.000167517
4475 0.000167517
4476 0.000167517
4477 0.000167517
4478 0.000167517
4479 0.000167517
4480 0.000167517
4481 0.000167517
4482 0.000167517
4483 0.000167517
4484 0.000167517
4485 0.000167517
4486 0.000167517
4487 0.000167517
4488 0.000167517
4489 0.000167517
4490 0.000167517
4491 0.000167517
4492 0.000167517
4493 0.000167517
4494 0.000167517
4495 0.000167517
4496 0.000167517
4497 0.000167517
4498 0.000167517
4499 0.000167517
4500 0.000167517
4501 0.000167517
4502 0.000167517
4503 0.000167517
4504 0.000167517
4505 0.000167517
4506 0.000167517
4507 0.000167517
4508 0.000167517
4509 0.000167517
4510 0.000167517
4511 0.000167517
4512 0.000167517
4513 0.000167517
4514 0.000167517
4515 0.000167517
4516 0.000167517
4517 0.000167517
4518 0.000167517
4519 0.000167517
4520 0.000167517
4521 0.000231305
4522 0.000172361
4523 0.000231305
4524 0.000201969
4525 0.000231305
4526 0.000201969
4527 0.000265465
4528 0.000265465
4529 0.000225403
4530 0.000283769
4531 0.000231148
4532 0.000231148
4533 0.000168425
4534 0.000173556
4535 0.000173556
4536 0.000173556
4537 0.000173556
4538 0.000173556
4539 0.000173556
4540 0.000173556
4541 0.000173556
4542 0.000173556
4543 0.000173556
4544 0.000173556
4545 0.000173556
4546 0.000173556
4547 0.000173556
4548 0.000173556
4549 0.000173556
4550 0.000173556
4551 0.000173556
4552 0.000173556
4553 0.000173556
4554 0.000173556
4555 0.000173556
4556 0.000173556
4557 0.000173556
4558 0.000173556
4559 0.000173556
4560 0.000173556
4561 0.000173556
4562 0.000225403
4563 0.000269304
4564 0.000298912
4565 0.000225403
4566 0.000275676
4567 0.000225403
4568 0.000240802
4569 0.000225403
4570 0.000174041
4571 0.000172035
4572 0.000193003
4573 0.000193003
4574 0.000193003
4575 0.000193003
4576 0.000172436
4577 0.000179812
4578 0.000170785
4579 0.000179812
4580 0.000179812
4581 0.000193617
4582 0.00223341
4583 0.000799922
4584 0.000222779
4585 0.000892899
4586 0.000222779
4587 0.000540729
4588 0.000222779
4589 0.000914158
4590 0.000222779
4591 0.000622854
4592 0.000222779
4593 0.000795776
4594 0.000217034
4595 0.000226358
4596 0.000234157
4597 0.00023684
4598 0.000227194
4599 0.000656316
4600 0.000612847
4601 0.00042542
4602 0.000609105
4603 0.00022064
4604 0.000309387
4605 0.000309387
4606 0.000435045
4607 0.00020042
4608 0.000847537
4609 0.000213174
4610 0.000234847
4611 0.000199783
4612 0.000218306
4613 0.000260127
4614 0.000209842
4615 0.00023202
4616 0.000208939
4617 0.000209462
4618 0.000207439
4619 0.000434376
4620 0.000221847
4621 0.000479335
4622 0.000197416
4623 0.000558991
4624 0.00022918
4625 0.000489748
4626 0.000232492
4627 0.00040775
4628 0.000185547
4629 0.000500711
4630 0.000483159
4631 0.000216263
4632 0.000482298
4633 0.000194141
4634 0.000488773
4635 0.000194109
4636 0.00045086
4637 0.000215203
4638 0.00036818
4639 0.0001975
4640 0.000509622
4641 0.000204995
4642 0.000511976
4643 0.00022221
4644 0.000530247
4645 0.000457232
4646 0.000238605
4647 0.000498008
4648 0.000193517
4649 0.000488489
4650 0.000192642
4651 0.000301977
4652 0.000195173
4653 0.000492995
4654 0.000206242
4655 0.000485796
4656 0.000224524
4657 0.000395838
4658 0.000224319
4659 0.000202943
4660 0.000234967
4661 0.000167692
4662 0.000170158
4663 0.000170158
4664 0.000170158
4665 0.000170158
4666 0.000170158
4667 0.000170158
4668 0.000174231
4669 0.000174231
4670 0.000170158
4671 0.000170158
4672 0.000170158
4673 0.000170158
4674 0.000170158
4675 0.000170158
4676 0.000170158
4677 0.000170158
4678 0.000170158
4679 0.000170158
4680 0.000170158
4681 0.000170158
4682 0.000170158
4683 0.000170158
4684 0.000170158
4685 0.000170158
4686 0.000170158
4687 0.000170158
4688 0.000170158
4689 0.000170158
4690 0.000170158
4691 0.000170158
4692 0.000170158
4693 0.000170158
4694 0.000170158
4695 0.000170158
4696 0.000170158
4697 0.000170158
4698 0.000170158
4699 0.000170158
4700 0.000170158
4701 0.000170158
4702 0.000170158
4703 0.000170158
4704 0.000170158
4705 0.000170158
4706 0.000170158
4707 0.000170158
4708 0.000170158
4709 0.000170158
4710 0.000170158
4711 0.000170158
4712 0.000172942
4713 0.000194021
4714 0.000177942
4715 0.000313262
4716 0.000313262
4717 0.000208016
4718 0.000208016
4719 0.000168748
4720 0.000175292
4721 0.000175292
4722 0.000175292
4723 0.000175292
4724 0.000175292
4725 0.000175292
4726 0.000175292
4727 0.000175292
4728 0.000175292
4729 0.000175292
4730 0.000175292
4731 0.000175292
4732 0.000175292
4733 0.000175292
4734 0.000175292
4735 0.000175292
4736 0.000175292
4737 0.000175292
4738 0.000175292
4739 0.000175292
4740 0.000175292
4741 0.000175292
4742 0.000208016
4743 0.000251855
4744 0.000281191
4745 0.000208016
4746 0.000257655
4747 0.000208016
4748 0.000208016
4749 0.000221821
4750 0.000208016
4751 0.000173766
4752 0.000178218
4753 0.000178218
4754 0.000178218
4755 0.000178218
4756 0.000178218
4757 0.00167716
4758 0.000248572
4759 0.000267324
4760 0.000307442
4761 0.00027433
4762 0.000287065
4763 0.000260167
4764 0.000392559
4765 0.000838778
4766 0.000730106
4767 0.00071366
4768 0.000676849
4769 0.000734801
4770 0.000686349
4771 0.000722345
4772 0.000643312
4773 0.000718832
4774 0.000253161
4775 0.000570306
4776 0.000193714
4777 0.000408195
4778 0.000505291
4779 0.000546084
4780 0.00039676
4781 0.000197848
4782 0.000273147
4783 0.000205136
4784 0.00059819
4785 0.00052027
4786 0.000193589
4787 0.000193589
4788 0.000245814
4789 0.000625646
4790 0.000205797
4791 0.000243052
4792 0.000545483
4793 0.00020545
4794 0.000473339
4795 0.000472124
4796 0.000481365
4797 0.000473994
4798 0.000184957
4799 0.000527434
4800 0.00018524
4801 0.000240912
4802 0.00018626
4803 0.000560529
4804 0.000205209
4805 0.000418233
4806 0.000187692
4807 0.000442566
4808 0.000166772
4809 0.000168486
4810 0.000168486
4811 0.000168486
4812 0.000168486
4813 0.000168486
4814 0.000168486
4815 0.000168486
4816 0.000168486
4817 0.000168486
4818 0.000168486
4819 0.000168486
4820 0.000168486
4821 0.000168486
4822 0.000168486
4823 0.000168486
4824 0.000168486
4825 0.000168486
4826 0.000168486
4827 0.000168486
4828 0.000168486
4829 0.000168486
4830 0.000168486
4831 0.000168486
4832 0.000168486
4833 0.000168486
4834 0.000168486
4835 0.000168486
4836 0.000168486
4837 0.000168486
4838 0.000168486
4839 0.000168486
4840 0.000168486
4841 0.000168486
4842 0.000168486
4843 0.000168486
4844 0.000168486
4845 0.000168486
4846 0.000168486
4847 0.000168486
4848 0.000168486
4849 0.000168486
4850 0.000168486
4851 0.000168486
4852 0.000168486
4853 0.000168486
4854 0.000168486
4855 0.000168486
4856 0.000172559
4857 0.000168486
4858 0.000168486
4859 0.000168486
4860 0.000168486
4861 0.000168486
4862 0.000168486
4863 0.000168486
4864 0.000168486
4865 0.000168486
4866 0.000168486
4867 0.000168486
4868 0.000168486
4869 0.000168486
4870 0.000168486
4871 0.000168486
4872 0.000168486
4873 0.000168486
4874 0.000168486
4875 0.000168486
4876 0.000168486
4877 0.000168486
4878 0.000168486
4879 0.000168486
4880 0.000168486
4881 0.000172559
4882 0.000168486
4883 0.000168486
4884 0.000168486
4885 0.000168486
4886 0.000168486
4887 0.000168486
4888 0.000172698
4889 0.000193749
4890 0.000193749
4891 0.000193749
4892 0.000177887
4893 0.000169329
4894 0.000169329
4895 0.000169329
4896 0.000169329
4897 0.000169329
4898 0.000169329
4899 0.000169329
4900 0.000169329
4901 0.000169329
4902 0.000169329
4903 0.000169329
4904 0.000169329
4905 0.000169329
4906 0.000169329
4907 0.000169329
4908 0.000169329
4909 0.000169329
4910 0.000169329
4911 0.000169329
4912 0.000169329
4913 0.000169329
4914 0.000169329
4915 0.000169329
4916 0.000169329
4917 0.000169329
4918 0.000169329
4919 0.000169329
4920 0.000168791
4921 0.000168791
4922 0.000168791
4923 0.000168791
4924 0.000168791
4925 0.000168791
4926 0.000168791
4927 0.000168791
4928 0.000168791
4929 0.000168791
4930 0.000168791
4931 0.000168791
4932 0.000168791
4933 0.000168791
4934 0.000168791
4935 0.000168791
4936 0.000168791
4937 0.000168791
4938 0.000168791
4939 0.000168791
4940 0.000168791
4941 0.000168791
4942 0.000168791
4943 0.000168791
4944 0.000168791
4945 0.000168791
4946 0.000503448
4947 0.000227086
4948 0.000227086
4949 0.000227086
4950 0.000227086
4951 0.000227086
4952 0.000227086
4953 0.000227086
4954 0.000227086
4955 0.000227086
4956 0.000214444
4957 0.000165435
4958 0.000165435
4959 0.000165435
4960 0.000165435
4961 0.000165435
4962 0.000165435
4963 0.000169121
4964 0.000165435
4965 0.000165435
4966 0.000165435
4967 0.000165435
4968 0.000165435
4969 0.000165435
4970 0.000165435
4971 0.000165435
4972 0.000165435
4973 0.000165435
4974 0.000165435
4975 0.000165435
4976 0.000165435
4977 0.000165435
4978 0.000165435
4979 0.000165435
4980 0.000165435
4981 0.000165435
4982 0.000165435
4983 0.000165435
4984 0.000165435
4985 0.000165435
4986 0.000165435
4987 0.000165435
4988 0.000165435
4989 0.000165435
4990 0.000165435
4991 0.000165435
4992 0.000165435
4993 0.000165435
4994 0.000169121
4995 0.000165435
4996 0.000165435
4997 0.000165435
4998 0.000165435
4999 0.000169121
5000 0.000165435
5001 0.000165435
5002 0.000165435
5003 0.000169121
5004 0.000169121
5005 0.000165435
5006 0.000165435
5007 0.000165435
5008 0.000165435
5009 0.000165435
5010 0.000165435
5011 0.000165435
5012 0.000165435
5013 0.000165435
5014 0.000165435
5015 0.000165435
5016 0.000165435
5017 0.000165435
5018 0.000165435
5019 0.000169121
5020 0.000165435
5021 0.000165435
5022 0.000165435
5023 0.000165435
5024 0.000165435
5025 0.000165435
5026 0.000165435
5027 0.000165435
5028 0.000165435
5029 0.000165435
5030 0.000165435
5031 0.000165435
5032 0.000165435
5033 0.000165435
5034 0.000165435
5035 0.000165435
5036 0.000165435
5037 0.000165435
5038 0.000165435
5039 0.000165435
5040 0.000165435
5041 0.000165435
5042 0.000165435
5043 0.000165435
5044 0.000165435
5045 0.000165435
5046 0.000165435
5047 0.000165435
5048 0.000165435
5049 0.000165435
5050 0.000165435
5051 0.000165435
5052 0.000165435
5053 0.000165435
5054 0.000166457
5055 0.000165435
5056 0.000165435
5057 0.000165435
5058 0.000165435
5059 0.000165435
5060 0.000165435
5061 0.000165435
5062 0.000165435
5063 0.000165435
5064 0.000165435
5065 0.000166457
5066 0.000165435
5067 0.000165435
5068 0.000165435
5069 0.000165435
5070 0.000165435
5071 0.000165435
5072 0.000165435
5073 0.000165435
5074 0.000165435
5075 0.000165435
5076 0.000165435
5077 0.000165435
5078 0.000165435
5079 0.000165435
5080 0.000165435
5081 0.000165435
5082 0.000165435
5083 0.000165435
5084 0.000165435
5085 0.000165435
5086 0.000165435
5087 0.000165435
5088 0.000165435
5089 0.000165435
5090 0.000165435
5091 0.000165435
5092 0.000165435
5093 0.000165435
5094 0.000165435
5095 0.000165435
5096 0.000165435
5097 0.000165435
5098 0.000165435
5099 0.000165435
5100 0.000169121
5101 0.000165435
5102 0.000165435
5103 0.000165435
5104 0.000165435
5105 0.000165435
5106 0.000165435
5107 0.000165435
5108 0.000165435
5109 0.000165435
5110 0.000165435
5111 0.000165435
5112 0.000165435
5113 0.000165435
5114 0.000165435
5115 0.000165435
5116 0.000165435
5117 0.000165435
5118 0.000165435
5119 0.000165435
5120 0.000165435
5121 0.000172497
5122 0.000172497
5123 0.000172497
5124 0.000172497
5125 0.000172497
5126 0.000172497
5127 0.000175472
5128 0.0001681
5129 0.000171786
5130 0.000171786
5131 0.000171786
5132 0.0001681
5133 0.000171786
5134 0.000171786
5135 0.000171786
5136 0.0001681
5137 0.0001681
5138 0.0001681
5139 0.0001681
5140 0.0001681
5141 0.0001681
5142 0.000216022
5143 0.0001681
5144 0.000171786
5145 0.0001681
5146 0.0001681
5147 0.0001681
5148 0.0001681
5149 0.0001681
5150 0.0001681
5151 0.0001681
5152 0.0001681
5153 0.0001681
5154 0.0001681
5155 0.0001681
5156 0.0001681
5157 0.0001681
5158 0.0001681
5159 0.0001681
5160 0.0001681
5161 0.0001681
5162 0.0001681
5163 0.0001681
5164 0.0001681
5165 0.0001681
5166 0.0001681
5167 0.0001681
5168 0.000171786
5169 0.0001681
5170 0.0001681
5171 0.0001681
5172 0.0001681
5173 0.0001681
5174 0.0001681
5175 0.0001681
5176 0.0001681
5177 0.0001681
5178 0.0001681
5179 0.0001681
5180 0.0001681
5181 0.0001681
5182 0.0001681
5183 0.0001681
5184 0.0001681
5185 0.00124556
5186 0.000503448
5187 0.000311609
5188 0.000175364
5189 0.000168064
5190 0.000168064
5191 0.000168064
5192 0.000168064
5193 0.000168064
5194 0.000168064
5195 0.000168064
5196 0.000168064
5197 0.000168064
5198 0.000168064
5199 0.000168064
5200 0.000168064
5201 0.000168064
5202 0.000168064
5203 0.000168064
5204 0.000168064
5205 0.000168064
